335
0.49666666666666665 0.008333333333333333
0.4216666666666667 0.02638888888888889
0.58 0.029166666666666667
0.4033333333333333 0.06666666666666667
0.5816666666666667 0.075
0.395 0.10416666666666667
0.57 0.1111111111111111
0.41 0.12916666666666668
0.555 0.13055555555555556
0.4066666666666667 0.15416666666666667
0.5583333333333333 0.15694444444444444
0.2733333333333333 0.18888888888888888
0.6733333333333333 0.1875
0.135 0.3375
0.07 0.4875
0.06 0.5319444444444444
0.11166666666666666 0.5541666666666667
0.155 0.5388888888888889
0.12833333333333333 0.4861111111111111
0.20333333333333334 0.37222222222222223
0.27 0.3
0.29333333333333333 0.33611111111111114
0.2816666666666667 0.42083333333333334
0.285 0.4527777777777778
0.2816666666666667 0.6041666666666666
0.295 0.7083333333333334
0.2733333333333333 0.8847222222222222
0.21 0.9541666666666667
0.27166666666666667 0.9888888888888889
0.335 0.9152777777777777
0.3383333333333333 0.8847222222222222
0.39666666666666667 0.7208333333333333
0.475 0.5958333333333333
0.53 0.7291666666666666
0.56 0.8805555555555555
0.555 0.9083333333333333
0.6016666666666667 0.9930555555555556
0.6733333333333333 0.9694444444444444
0.6283333333333333 0.8791666666666667
0.6366666666666667 0.7180555555555556
0.6483333333333333 0.5944444444444444
0.6566666666666666 0.4444444444444444
0.665 0.41388888888888886
0.6483333333333333 0.3375
0.6783333333333333 0.3111111111111111
0.7166666666666667 0.38472222222222224
0.7933333333333333 0.5013888888888889
0.7616666666666667 0.5583333333333333
0.8083333333333333 0.5694444444444444
0.8533333333333334 0.5527777777777778
0.8466666666666667 0.49722222222222223
0.7833333333333333 0.3458333333333333
0.47333333333333333 0.008333333333333333
0.455 0.0125
0.43833333333333335 0.016666666666666666
0.41 0.03888888888888889
0.4033333333333333 0.05138888888888889
0.39666666666666667 0.08194444444444444
0.39666666666666667 0.09166666666666666
0.4 0.11944444444444445
0.4116666666666667 0.14305555555555555
0.3933333333333333 0.15833333333333333
0.37833333333333335 0.16111111111111112
0.36666666666666664 0.1638888888888889
0.35333333333333333 0.16527777777777777
0.3383333333333333 0.16805555555555557
0.3283333333333333 0.17083333333333334
0.31333333333333335 0.175
0.2966666666666667 0.17916666666666667
0.25833333333333336 0.19305555555555556
0.24166666666666667 0.2
0.235 0.20833333333333334
0.22833333333333333 0.21666666666666667
0.21833333333333332 0.225
0.21166666666666667 0.23194444444444445
0.205 0.24305555555555555
0.20166666666666666 0.24861111111111112
0.19666666666666666 0.2569444444444444
0.19166666666666668 0.2638888888888889
0.185 0.2722222222222222
0.17833333333333334 0.2777777777777778
0.17166666666666666 0.2847222222222222
0.16833333333333333 0.2916666666666667
0.16333333333333333 0.2986111111111111
0.15166666666666667 0.31527777777777777
0.125 0.3486111111111111
0.11333333333333333 0.36527777777777776
0.10666666666666667 0.3736111111111111
0.09833333333333333 0.38472222222222224
0.095 0.39861111111111114
0.08833333333333333 0.4111111111111111
0.085 0.4236111111111111
0.08166666666666667 0.4375
0.08 0.45
0.07666666666666666 0.4597222222222222
0.07333333333333333 0.4666666666666667
0.07166666666666667 0.475
0.06666666666666667 0.4986111111111111
0.06666666666666667 0.5055555555555555
0.06333333333333334 0.5166666666666667
0.075 0.5416666666666666
0.085 0.5444444444444444
0.09666666666666666 0.5527777777777778
0.13 0.5541666666666667
0.14833333333333334 0.5513888888888889
0.15 0.5277777777777778
0.14333333333333334 0.5125
0.13833333333333334 0.5013888888888889
0.13333333333333333 0.4736111111111111
0.13666666666666666 0.4625
0.14166666666666666 0.45416666666666666
0.14833333333333334 0.44583333333333336
0.15333333333333332 0.4375
0.16166666666666665 0.42777777777777776
0.17 0.41944444444444445
0.18166666666666667 0.4097222222222222
0.19166666666666668 0.4
0.19666666666666666 0.3875
0.21333333333333335 0.3625
0.22 0.35555555555555557
0.22833333333333333 0.3472222222222222
0.23333333333333334 0.3402777777777778
0.24333333333333335 0.33055555555555555
0.255 0.31805555555555554
0.27666666666666667 0.31666666666666665
0.2833333333333333 0.3236111111111111
0.29 0.32916666666666666
0.2916666666666667 0.35
0.28833333333333333 0.3625
0.2833333333333333 0.3763888888888889
0.2816666666666667 0.3861111111111111
0.2816666666666667 0.3958333333333333
0.2816666666666667 0.4083333333333333
0.285 0.42916666666666664
0.28833333333333333 0.44027777777777777
0.285 0.4666666666666667
0.285 0.4791666666666667
0.285 0.4888888888888889
0.285 0.5013888888888889
0.285 0.5138888888888888
0.285 0.5236111111111111
0.285 0.5333333333333333
0.2833333333333333 0.5458333333333333
0.2833333333333333 0.5625
0.2816666666666667 0.5819444444444445
0.285 0.6194444444444445
0.2916666666666667 0.6361111111111111
0.29333333333333333 0.6472222222222223
0.2966666666666667 0.6597222222222222
0.2966666666666667 0.6708333333333333
0.2966666666666667 0.6805555555555556
0.29833333333333334 0.6875
0.2966666666666667 0.6972222222222222
0.2833333333333333 0.7180555555555556
0.2783333333333333 0.7291666666666666
0.275 0.7444444444444445
0.2733333333333333 0.7569444444444444
0.27166666666666667 0.7708333333333334
0.27166666666666667 0.7861111111111111
0.27166666666666667 0.8
0.275 0.8166666666666667
0.27666666666666667 0.8319444444444445
0.2783333333333333 0.8597222222222223
0.26666666666666666 0.8972222222222223
0.26 0.9069444444444444
0.25166666666666665 0.9152777777777777
0.24 0.9222222222222223
0.22 0.9347222222222222
0.21833333333333332 0.9736111111111111
0.24166666666666667 0.9805555555555555
0.2966666666666667 0.9763888888888889
0.30666666666666664 0.9569444444444445
0.32166666666666666 0.9375
0.34 0.9
0.3433333333333333 0.8736111111111111
0.34833333333333333 0.8611111111111112
0.34833333333333333 0.8486111111111111
0.35333333333333333 0.8347222222222223
0.36 0.8208333333333333
0.365 0.8083333333333333
0.37166666666666665 0.7972222222222223
0.38 0.7819444444444444
0.39 0.7638888888888888
0.39 0.7444444444444445
0.405 0.7111111111111111
0.41333333333333333 0.7027777777777777
0.41833333333333333 0.6944444444444444
0.4266666666666667 0.6791666666666667
0.42833333333333334 0.6652777777777777
0.43166666666666664 0.6541666666666667
0.43333333333333335 0.6430555555555556
0.44 0.6333333333333333
0.445 0.625
0.4533333333333333 0.6125
0.485 0.6152777777777778
0.49 0.6291666666666667
0.49666666666666665 0.6416666666666667
0.5016666666666667 0.6541666666666667
0.5033333333333333 0.6652777777777777
0.5083333333333333 0.675
0.5133333333333333 0.6861111111111111
0.5166666666666667 0.6958333333333333
0.52 0.7041666666666667
0.5233333333333333 0.7152777777777778
0.5316666666666666 0.7430555555555556
0.5316666666666666 0.7541666666666667
0.5333333333333333 0.7652777777777777
0.5366666666666666 0.7777777777777778
0.54 0.7875
0.545 0.8
0.5483333333333333 0.8125
0.5483333333333333 0.8236111111111111
0.5533333333333333 0.8361111111111111
0.555 0.8541666666666666
0.555 0.8944444444444445
0.5583333333333333 0.925
0.5733333333333334 0.9458333333333333
0.5833333333333334 0.9722222222222222
0.6316666666666667 0.9930555555555556
0.6583333333333333 0.9847222222222223
0.6716666666666666 0.9527777777777777
0.66 0.9458333333333333
0.6466666666666666 0.9375
0.6366666666666667 0.9277777777777778
0.6366666666666667 0.9083333333333333
0.6316666666666667 0.8666666666666667
0.6316666666666667 0.85
0.6383333333333333 0.8347222222222223
0.64 0.8152777777777778
0.64 0.8013888888888889
0.6433333333333333 0.7888888888888889
0.65 0.775
0.65 0.7583333333333333
0.6483333333333333 0.7458333333333333
0.6433333333333333 0.7361111111111112
0.635 0.7041666666666667
0.635 0.6875
0.63 0.6736111111111112
0.635 0.6583333333333333
0.6416666666666667 0.6430555555555556
0.6416666666666667 0.6305555555555555
0.6416666666666667 0.6208333333333333
0.645 0.6111111111111112
0.6583333333333333 0.5833333333333334
0.6516666666666666 0.5736111111111111
0.6516666666666666 0.5583333333333333
0.6566666666666666 0.5444444444444444
0.6583333333333333 0.5319444444444444
0.6583333333333333 0.5222222222222223
0.66 0.5097222222222222
0.6583333333333333 0.4986111111111111
0.6566666666666666 0.48055555555555557
0.6566666666666666 0.4652777777777778
0.6583333333333333 0.43194444444444446
0.6616666666666666 0.4222222222222222
0.6616666666666666 0.4013888888888889
0.66 0.3902777777777778
0.6566666666666666 0.38055555555555554
0.6566666666666666 0.36944444444444446
0.6566666666666666 0.3597222222222222
0.6533333333333333 0.35
0.6583333333333333 0.33055555555555555
0.6633333333333333 0.3263888888888889
0.6716666666666666 0.32222222222222224
0.6866666666666666 0.32916666666666666
0.6866666666666666 0.3416666666666667
0.6916666666666667 0.35138888888888886
0.6966666666666667 0.35833333333333334
0.7016666666666667 0.36527777777777776
0.71 0.375
0.7183333333333334 0.39861111111111114
0.725 0.41388888888888886
0.735 0.425
0.7433333333333333 0.43333333333333335
0.75 0.44305555555555554
0.76 0.4527777777777778
0.7683333333333333 0.4638888888888889
0.775 0.4722222222222222
0.7816666666666666 0.4791666666666667
0.7883333333333333 0.4888888888888889
0.785 0.5125
0.7783333333333333 0.5208333333333334
0.7733333333333333 0.5375
0.7766666666666666 0.5708333333333333
0.79 0.5680555555555555
0.8266666666666667 0.5680555555555555
0.84 0.5625
0.855 0.5375
0.8533333333333334 0.5263888888888889
0.85 0.5152777777777777
0.8466666666666667 0.48333333333333334
0.8416666666666667 0.4736111111111111
0.8366666666666667 0.46111111111111114
0.8383333333333334 0.44722222222222224
0.8366666666666667 0.4361111111111111
0.8333333333333334 0.42083333333333334
0.83 0.4111111111111111
0.8266666666666667 0.4
0.8216666666666667 0.39305555555555555
0.815 0.38055555555555554
0.8083333333333333 0.36944444444444446
0.7983333333333333 0.3541666666666667
0.7783333333333333 0.33055555555555555
0.7733333333333333 0.32222222222222224
0.7666666666666667 0.3111111111111111
0.7616666666666667 0.3013888888888889
0.7533333333333333 0.2875
0.7516666666666667 0.275
0.7466666666666667 0.26666666666666666
0.7416666666666667 0.2569444444444444
0.7366666666666667 0.25
0.73 0.24027777777777778
0.7216666666666667 0.23194444444444445
0.7166666666666667 0.2222222222222222
0.71 0.21805555555555556
0.7083333333333334 0.2125
0.7016666666666667 0.20694444444444443
0.69 0.2
0.6583333333333333 0.18333333333333332
0.65 0.17916666666666667
0.6383333333333333 0.175
0.6266666666666667 0.175
0.6166666666666667 0.17222222222222222
0.6033333333333334 0.16944444444444445
0.595 0.16666666666666666
0.5783333333333334 0.1625
0.555 0.14444444444444443
0.565 0.12222222222222222
0.5816666666666667 0.10138888888888889
0.585 0.08888888888888889
0.58 0.06388888888888888
0.5783333333333334 0.04861111111111111
0.5683333333333334 0.025
0.5533333333333333 0.015277777777777777
0.5283333333333333 0.009722222222222222
