336
0.48833333333333334 0.006944444444444444
0.41 0.029166666666666667
0.5566666666666666 0.029166666666666667
0.4033333333333333 0.07777777777777778
0.5583333333333333 0.07361111111111111
0.415 0.1111111111111111
0.5483333333333333 0.10694444444444444
0.435 0.1375
0.535 0.1361111111111111
0.43333333333333335 0.1597222222222222
0.5433333333333333 0.1597222222222222
0.3383333333333333 0.18611111111111112
0.6316666666666667 0.18333333333333332
0.22166666666666668 0.3458333333333333
0.10333333333333333 0.47638888888888886
0.06666666666666667 0.5222222222222223
0.085 0.5625
0.12333333333333334 0.5333333333333333
0.13 0.4930555555555556
0.265 0.38472222222222224
0.35 0.28055555555555556
0.37 0.325
0.36666666666666664 0.3958333333333333
0.3566666666666667 0.4375
0.3383333333333333 0.5444444444444444
0.36666666666666664 0.6958333333333333
0.3616666666666667 0.8972222222222223
0.31166666666666665 0.9722222222222222
0.36666666666666664 0.9986111111111111
0.415 0.9361111111111111
0.4116666666666667 0.8986111111111111
0.435 0.7125
0.485 0.5430555555555555
0.5333333333333333 0.7111111111111111
0.5516666666666666 0.8944444444444445
0.5516666666666666 0.9375
0.6 0.9972222222222222
0.6466666666666666 0.9722222222222222
0.6 0.8972222222222223
0.6033333333333334 0.6930555555555555
0.625 0.5472222222222223
0.6 0.43194444444444446
0.5983333333333334 0.3902777777777778
0.5933333333333334 0.3125
0.63 0.26666666666666666
0.6966666666666667 0.3888888888888889
0.8216666666666667 0.4986111111111111
0.8333333333333334 0.5638888888888889
0.8783333333333333 0.5680555555555555
0.885 0.5333333333333333
0.85 0.4847222222222222
0.7466666666666667 0.35138888888888886
0.4666666666666667 0.009722222222222222
0.44666666666666666 0.0125
0.4266666666666667 0.018055555555555554
0.40166666666666667 0.044444444444444446
0.4 0.058333333333333334
0.4083333333333333 0.09027777777777778
0.41 0.09861111111111111
0.42333333333333334 0.12361111111111112
0.435 0.15
0.41833333333333333 0.1638888888888889
0.4083333333333333 0.16666666666666666
0.3983333333333333 0.16805555555555557
0.39166666666666666 0.16944444444444445
0.38333333333333336 0.16944444444444445
0.37333333333333335 0.17222222222222222
0.36833333333333335 0.1736111111111111
0.3566666666666667 0.17916666666666667
0.325 0.19444444444444445
0.31 0.20555555555555555
0.30333333333333334 0.21388888888888888
0.29833333333333334 0.2222222222222222
0.29333333333333333 0.22777777777777777
0.29 0.2361111111111111
0.2833333333333333 0.24583333333333332
0.2783333333333333 0.25833333333333336
0.27 0.2652777777777778
0.265 0.27361111111111114
0.25833333333333336 0.2847222222222222
0.25333333333333335 0.29444444444444445
0.25 0.3013888888888889
0.24666666666666667 0.30833333333333335
0.24166666666666667 0.3194444444444444
0.23166666666666666 0.33055555555555555
0.20666666666666667 0.35833333333333334
0.195 0.3680555555555556
0.185 0.3763888888888889
0.175 0.39166666666666666
0.16666666666666666 0.4
0.15833333333333333 0.4083333333333333
0.15333333333333332 0.4166666666666667
0.14666666666666667 0.4222222222222222
0.13833333333333334 0.43333333333333335
0.13166666666666665 0.44305555555555554
0.125 0.4527777777777778
0.11666666666666667 0.46111111111111114
0.09666666666666666 0.4888888888888889
0.09166666666666666 0.49722222222222223
0.08 0.5083333333333333
0.06833333333333333 0.5375
0.07 0.5472222222222223
0.075 0.5569444444444445
0.10333333333333333 0.5611111111111111
0.11666666666666667 0.5513888888888889
0.125 0.5236111111111111
0.12833333333333333 0.5166666666666667
0.12833333333333333 0.5055555555555555
0.14333333333333334 0.4847222222222222
0.15666666666666668 0.4777777777777778
0.16666666666666666 0.46944444444444444
0.17666666666666667 0.4597222222222222
0.19 0.4527777777777778
0.19833333333333333 0.4444444444444444
0.20833333333333334 0.4361111111111111
0.22166666666666668 0.4263888888888889
0.235 0.4166666666666667
0.24666666666666667 0.4027777777777778
0.27666666666666667 0.3736111111111111
0.28833333333333333 0.3597222222222222
0.3 0.34444444444444444
0.31166666666666665 0.3277777777777778
0.32166666666666666 0.31527777777777777
0.335 0.2986111111111111
0.36333333333333334 0.2916666666666667
0.365 0.2986111111111111
0.365 0.30833333333333335
0.375 0.3388888888888889
0.375 0.3486111111111111
0.37833333333333335 0.35694444444444445
0.37833333333333335 0.36944444444444446
0.37833333333333335 0.375
0.37333333333333335 0.38333333333333336
0.36666666666666664 0.4083333333333333
0.365 0.4222222222222222
0.355 0.4527777777777778
0.35333333333333333 0.4638888888888889
0.355 0.4791666666666667
0.355 0.4861111111111111
0.35333333333333333 0.4930555555555556
0.3516666666666667 0.5
0.34833333333333333 0.5055555555555555
0.3433333333333333 0.5138888888888888
0.3416666666666667 0.5208333333333334
0.3416666666666667 0.5291666666666667
0.3433333333333333 0.5527777777777778
0.3433333333333333 0.5666666666666667
0.345 0.5777777777777777
0.345 0.5902777777777778
0.35 0.6083333333333333
0.3566666666666667 0.6291666666666667
0.36333333333333334 0.6541666666666667
0.365 0.6763888888888889
0.3616666666666667 0.7180555555555556
0.3516666666666667 0.7375
0.34833333333333333 0.7625
0.35 0.7791666666666667
0.35 0.7944444444444444
0.35333333333333333 0.8083333333333333
0.3566666666666667 0.8305555555555556
0.3616666666666667 0.85
0.36333333333333334 0.8652777777777778
0.36333333333333334 0.8833333333333333
0.36 0.9125
0.355 0.9263888888888889
0.345 0.9375
0.3333333333333333 0.9472222222222222
0.32166666666666666 0.9555555555555556
0.31666666666666665 0.9902777777777778
0.33666666666666667 0.9958333333333333
0.38666666666666666 0.9861111111111112
0.39 0.9722222222222222
0.4 0.9569444444444445
0.41333333333333333 0.9166666666666666
0.41 0.8833333333333333
0.4083333333333333 0.8722222222222222
0.4083333333333333 0.8583333333333333
0.41333333333333333 0.8416666666666667
0.41833333333333333 0.8263888888888888
0.425 0.8111111111111111
0.43166666666666664 0.7930555555555555
0.43666666666666665 0.7777777777777778
0.43666666666666665 0.7569444444444444
0.43333333333333335 0.7388888888888889
0.445 0.6972222222222222
0.455 0.6847222222222222
0.455 0.6638888888888889
0.4583333333333333 0.6444444444444445
0.4633333333333333 0.6263888888888889
0.4683333333333333 0.6111111111111112
0.4716666666666667 0.5972222222222222
0.4766666666666667 0.5833333333333334
0.47833333333333333 0.5708333333333333
0.48 0.5569444444444445
0.49166666666666664 0.5638888888888889
0.49666666666666665 0.5847222222222223
0.5033333333333333 0.6027777777777777
0.5083333333333333 0.6236111111111111
0.51 0.6486111111111111
0.5133333333333333 0.6638888888888889
0.52 0.6777777777777778
0.5216666666666666 0.6875
0.525 0.6930555555555555
0.5283333333333333 0.7041666666666667
0.535 0.7277777777777777
0.53 0.7472222222222222
0.5283333333333333 0.7694444444444445
0.5316666666666666 0.7819444444444444
0.535 0.7944444444444444
0.5383333333333333 0.8083333333333333
0.5416666666666666 0.8194444444444444
0.5466666666666666 0.8319444444444445
0.55 0.8444444444444444
0.5533333333333333 0.8736111111111111
0.5516666666666666 0.9180555555555555
0.5583333333333333 0.9555555555555556
0.575 0.9708333333333333
0.5866666666666667 0.9833333333333333
0.6283333333333333 0.9958333333333333
0.6383333333333333 0.9861111111111112
0.64 0.9555555555555556
0.6333333333333333 0.9527777777777777
0.6183333333333333 0.9444444444444444
0.61 0.9361111111111111
0.6033333333333334 0.9194444444444444
0.6033333333333334 0.8819444444444444
0.6 0.8625
0.6066666666666667 0.8458333333333333
0.6066666666666667 0.8222222222222222
0.61 0.8013888888888889
0.61 0.7819444444444444
0.6083333333333333 0.7597222222222222
0.6066666666666667 0.7416666666666667
0.6083333333333333 0.725
0.6033333333333334 0.7111111111111111
0.6033333333333334 0.675
0.6066666666666667 0.6569444444444444
0.61 0.6388888888888888
0.6216666666666667 0.6208333333333333
0.6233333333333333 0.6041666666666666
0.6216666666666667 0.5902777777777778
0.6216666666666667 0.5736111111111111
0.6216666666666667 0.5611111111111111
0.6283333333333333 0.5333333333333333
0.625 0.5208333333333334
0.6233333333333333 0.5069444444444444
0.62 0.4986111111111111
0.6233333333333333 0.4861111111111111
0.6216666666666667 0.47638888888888886
0.6183333333333333 0.46805555555555556
0.6166666666666667 0.4583333333333333
0.6183333333333333 0.45
0.61 0.44027777777777777
0.5966666666666667 0.41944444444444445
0.6033333333333334 0.40694444444444444
0.6016666666666667 0.37777777777777777
0.6 0.3680555555555556
0.5966666666666667 0.3597222222222222
0.6016666666666667 0.3486111111111111
0.6 0.3375
0.6 0.325
0.605 0.2986111111111111
0.61 0.28888888888888886
0.62 0.2791666666666667
0.6333333333333333 0.29305555555555557
0.6416666666666667 0.3138888888888889
0.6533333333333333 0.32916666666666666
0.665 0.3472222222222222
0.6783333333333333 0.36666666666666664
0.6883333333333334 0.3763888888888889
0.7116666666666667 0.4027777777777778
0.725 0.41944444444444445
0.745 0.43472222222222223
0.7633333333333333 0.4527777777777778
0.7766666666666666 0.4583333333333333
0.7816666666666666 0.4638888888888889
0.795 0.4736111111111111
0.8 0.4791666666666667
0.8033333333333333 0.4861111111111111
0.8133333333333334 0.49166666666666664
0.82 0.5166666666666667
0.8216666666666667 0.5375
0.8283333333333334 0.5513888888888889
0.85 0.5694444444444444
0.8633333333333333 0.5694444444444444
0.8816666666666667 0.5569444444444445
0.8816666666666667 0.5472222222222223
0.885 0.5375
0.875 0.525
0.8616666666666667 0.5111111111111111
0.8533333333333334 0.5
0.8383333333333334 0.4736111111111111
0.8316666666666667 0.4666666666666667
0.825 0.4583333333333333
0.8233333333333334 0.4486111111111111
0.8166666666666667 0.4388888888888889
0.8116666666666666 0.4305555555555556
0.8033333333333333 0.4222222222222222
0.795 0.4083333333333333
0.7883333333333333 0.39861111111111114
0.7833333333333333 0.3875
0.7783333333333333 0.37777777777777777
0.765 0.36666666666666664
0.7416666666666667 0.34305555555555556
0.7366666666666667 0.33611111111111114
0.7316666666666667 0.3277777777777778
0.725 0.3194444444444444
0.72 0.30972222222222223
0.715 0.2986111111111111
0.71 0.2875
0.7033333333333334 0.2777777777777778
0.695 0.26944444444444443
0.6916666666666667 0.2569444444444444
0.6833333333333333 0.24166666666666667
0.68 0.22916666666666666
0.6683333333333333 0.21388888888888888
0.6616666666666666 0.20694444444444443
0.6566666666666666 0.2013888888888889
0.6466666666666666 0.19444444444444445
0.6183333333333333 0.18055555555555555
0.61 0.17777777777777778
0.6 0.1736111111111111
0.59 0.16944444444444445
0.5816666666666667 0.16666666666666666
0.575 0.16527777777777777
0.5666666666666667 0.1638888888888889
0.5566666666666666 0.1625
0.5366666666666666 0.1486111111111111
0.5433333333333333 0.11944444444444445
0.5566666666666666 0.09722222222222222
0.5583333333333333 0.08472222222222223
0.5616666666666666 0.059722222222222225
0.5666666666666667 0.04583333333333333
0.5466666666666666 0.020833333333333332
0.5383333333333333 0.015277777777777777
0.52 0.008333333333333333
