336
0.5466666666666666 0.008333333333333333
0.465 0.03333333333333333
0.6116666666666667 0.029166666666666667
0.455 0.06666666666666667
0.6133333333333333 0.06527777777777778
0.4633333333333333 0.09861111111111111
0.6083333333333333 0.09861111111111111
0.47833333333333333 0.125
0.5883333333333334 0.12638888888888888
0.47333333333333333 0.15833333333333333
0.5866666666666667 0.16111111111111112
0.335 0.19305555555555556
0.6983333333333334 0.19722222222222222
0.19333333333333333 0.33055555555555555
0.07166666666666667 0.44027777777777777
0.025 0.49583333333333335
0.05 0.5263888888888889
0.085 0.5208333333333334
0.10333333333333333 0.4597222222222222
0.24166666666666667 0.36944444444444446
0.34833333333333333 0.27361111111111114
0.38166666666666665 0.32083333333333336
0.36833333333333335 0.4013888888888889
0.365 0.44027777777777777
0.3383333333333333 0.5541666666666667
0.3516666666666667 0.7041666666666667
0.36 0.8805555555555555
0.2966666666666667 0.9708333333333333
0.3616666666666667 0.9916666666666667
0.41 0.9361111111111111
0.405 0.8791666666666667
0.42833333333333334 0.7263888888888889
0.5066666666666667 0.5597222222222222
0.5683333333333334 0.7263888888888889
0.575 0.8930555555555556
0.5733333333333334 0.9305555555555556
0.6283333333333333 0.9944444444444445
0.6916666666666667 0.9736111111111111
0.6283333333333333 0.8916666666666667
0.6466666666666666 0.7125
0.6616666666666666 0.5583333333333333
0.6483333333333333 0.44305555555555554
0.645 0.4
0.64 0.3236111111111111
0.685 0.27361111111111114
0.7633333333333333 0.37222222222222223
0.8933333333333333 0.4652777777777778
0.925 0.5305555555555556
0.9683333333333334 0.5361111111111111
0.9733333333333334 0.5013888888888889
0.93 0.46111111111111114
0.8116666666666666 0.33611111111111114
0.5183333333333333 0.011111111111111112
0.495 0.015277777777777777
0.4816666666666667 0.022222222222222223
0.4633333333333333 0.05
0.4633333333333333 0.059722222222222225
0.4583333333333333 0.08055555555555556
0.46166666666666667 0.08611111111111111
0.4716666666666667 0.11388888888888889
0.4766666666666667 0.14166666666666666
0.45666666666666667 0.1638888888888889
0.43666666666666665 0.16666666666666666
0.42 0.17083333333333334
0.4066666666666667 0.1736111111111111
0.3933333333333333 0.1763888888888889
0.38 0.18055555555555555
0.36666666666666664 0.18333333333333332
0.3516666666666667 0.1875
0.3233333333333333 0.2
0.31333333333333335 0.20694444444444443
0.305 0.2152777777777778
0.29333333333333333 0.22083333333333333
0.285 0.23333333333333334
0.2783333333333333 0.24444444444444444
0.27166666666666667 0.25416666666666665
0.26166666666666666 0.2638888888888889
0.25166666666666665 0.27361111111111114
0.245 0.28194444444444444
0.23833333333333334 0.2916666666666667
0.23166666666666666 0.2986111111111111
0.22333333333333333 0.3055555555555556
0.21666666666666667 0.30833333333333335
0.21166666666666667 0.3125
0.20333333333333334 0.32083333333333336
0.18 0.3416666666666667
0.17166666666666666 0.35
0.16166666666666665 0.35694444444444445
0.15166666666666667 0.3680555555555556
0.145 0.3763888888888889
0.13333333333333333 0.38333333333333336
0.12333333333333334 0.39305555555555555
0.11666666666666667 0.4027777777777778
0.10833333333333334 0.4083333333333333
0.10333333333333333 0.4125
0.09833333333333333 0.4222222222222222
0.08833333333333333 0.4305555555555556
0.06 0.4597222222222222
0.05 0.46805555555555556
0.03666666666666667 0.4791666666666667
0.03166666666666667 0.5111111111111111
0.035 0.5166666666666667
0.041666666666666664 0.5222222222222223
0.06166666666666667 0.5305555555555556
0.075 0.5277777777777778
0.09166666666666666 0.5083333333333333
0.09666666666666666 0.49444444444444446
0.09833333333333333 0.4777777777777778
0.11666666666666667 0.45
0.12833333333333333 0.4388888888888889
0.13666666666666666 0.43333333333333335
0.15 0.4263888888888889
0.165 0.41944444444444445
0.18166666666666667 0.4097222222222222
0.19166666666666668 0.40555555555555556
0.20333333333333334 0.4013888888888889
0.21166666666666667 0.39305555555555555
0.225 0.38472222222222224
0.26 0.3611111111111111
0.27166666666666667 0.3486111111111111
0.2833333333333333 0.3347222222222222
0.3 0.3194444444444444
0.31833333333333336 0.30694444444444446
0.33166666666666667 0.29583333333333334
0.36 0.28888888888888886
0.365 0.2972222222222222
0.37166666666666665 0.30972222222222223
0.37833333333333335 0.3388888888888889
0.37833333333333335 0.35138888888888886
0.37666666666666665 0.35833333333333334
0.37666666666666665 0.36666666666666664
0.37666666666666665 0.37222222222222223
0.37166666666666665 0.3875
0.36666666666666664 0.4152777777777778
0.36666666666666664 0.4263888888888889
0.3566666666666667 0.4583333333333333
0.35 0.4736111111111111
0.3466666666666667 0.48194444444444445
0.3433333333333333 0.49166666666666664
0.3416666666666667 0.5
0.34 0.5069444444444444
0.3383333333333333 0.5152777777777777
0.33666666666666667 0.5222222222222223
0.3333333333333333 0.5291666666666667
0.335 0.5402777777777777
0.3416666666666667 0.5680555555555555
0.3416666666666667 0.5819444444444445
0.345 0.5986111111111111
0.34833333333333333 0.6138888888888889
0.3516666666666667 0.6291666666666667
0.35333333333333333 0.6458333333333334
0.35333333333333333 0.6638888888888889
0.3516666666666667 0.6875
0.345 0.7236111111111111
0.34 0.7458333333333333
0.3333333333333333 0.7638888888888888
0.3333333333333333 0.7819444444444444
0.335 0.8013888888888889
0.34 0.8180555555555555
0.345 0.8333333333333334
0.34833333333333333 0.8444444444444444
0.35 0.8541666666666666
0.35333333333333333 0.8666666666666667
0.3566666666666667 0.9013888888888889
0.35 0.9152777777777777
0.34 0.9291666666666667
0.32666666666666666 0.9388888888888889
0.31166666666666665 0.95
0.31333333333333335 0.9875
0.335 0.9888888888888889
0.37833333333333335 0.9805555555555555
0.385 0.9680555555555556
0.3983333333333333 0.95
0.4083333333333333 0.9083333333333333
0.41 0.8625
0.405 0.8458333333333333
0.4116666666666667 0.8305555555555556
0.41833333333333333 0.8125
0.42333333333333334 0.8
0.4266666666666667 0.7861111111111111
0.4266666666666667 0.7763888888888889
0.425 0.7638888888888888
0.42333333333333334 0.7513888888888889
0.4266666666666667 0.7375
0.43666666666666665 0.7152777777777778
0.44333333333333336 0.7041666666666667
0.45 0.6916666666666667
0.45666666666666667 0.6805555555555556
0.46166666666666667 0.6666666666666666
0.4683333333333333 0.6513888888888889
0.4716666666666667 0.6375
0.47333333333333333 0.6236111111111111
0.4766666666666667 0.6083333333333333
0.485 0.5930555555555556
0.5133333333333333 0.5847222222222223
0.52 0.6027777777777777
0.5283333333333333 0.6222222222222222
0.5316666666666666 0.6388888888888888
0.5333333333333333 0.6583333333333333
0.54 0.675
0.545 0.6888888888888889
0.5533333333333333 0.6972222222222222
0.5566666666666666 0.7041666666666667
0.5616666666666666 0.7152777777777778
0.5633333333333334 0.75
0.5633333333333334 0.7666666666666667
0.565 0.7791666666666667
0.57 0.7972222222222223
0.575 0.8111111111111111
0.58 0.8291666666666667
0.5833333333333334 0.8444444444444444
0.585 0.8555555555555555
0.585 0.8652777777777778
0.5783333333333334 0.8791666666666667
0.5716666666666667 0.9138888888888889
0.585 0.9444444444444444
0.595 0.9652777777777778
0.61 0.9833333333333333
0.65 0.9944444444444445
0.6783333333333333 0.9888888888888889
0.6733333333333333 0.9569444444444445
0.6633333333333333 0.95
0.645 0.9361111111111111
0.64 0.9263888888888889
0.6366666666666667 0.9083333333333333
0.6316666666666667 0.8777777777777778
0.6316666666666667 0.8638888888888889
0.6366666666666667 0.8458333333333333
0.645 0.8305555555555556
0.65 0.8138888888888889
0.6533333333333333 0.8013888888888889
0.6533333333333333 0.7861111111111111
0.6533333333333333 0.7722222222222223
0.6583333333333333 0.7472222222222222
0.6533333333333333 0.7319444444444444
0.65 0.6958333333333333
0.645 0.6777777777777778
0.65 0.6611111111111111
0.6566666666666666 0.6444444444444445
0.6566666666666666 0.6263888888888889
0.6566666666666666 0.6125
0.6583333333333333 0.5958333333333333
0.6583333333333333 0.5791666666666667
0.665 0.5430555555555555
0.6666666666666666 0.5277777777777778
0.6616666666666666 0.5138888888888888
0.6616666666666666 0.5013888888888889
0.6616666666666666 0.4930555555555556
0.6616666666666666 0.4847222222222222
0.6616666666666666 0.475
0.66 0.4666666666666667
0.6566666666666666 0.46111111111111114
0.6533333333333333 0.45694444444444443
0.6466666666666666 0.43333333333333335
0.65 0.4166666666666667
0.6433333333333333 0.3875
0.64 0.3763888888888889
0.6333333333333333 0.3625
0.6366666666666667 0.35
0.64 0.34305555555555556
0.6416666666666667 0.3347222222222222
0.65 0.30833333333333335
0.66 0.2986111111111111
0.6733333333333333 0.28888888888888886
0.7016666666666667 0.2916666666666667
0.7066666666666667 0.3055555555555556
0.7116666666666667 0.3138888888888889
0.7216666666666667 0.32916666666666666
0.7366666666666667 0.34305555555555556
0.7466666666666667 0.3597222222222222
0.7766666666666666 0.3875
0.79 0.4
0.805 0.4083333333333333
0.8183333333333334 0.4152777777777778
0.83 0.42083333333333334
0.8416666666666667 0.425
0.8516666666666667 0.43194444444444446
0.8583333333333333 0.44166666666666665
0.8683333333333333 0.44722222222222224
0.88 0.4527777777777778
0.9016666666666666 0.48194444444444445
0.9016666666666666 0.5
0.9133333333333333 0.5166666666666667
0.94 0.5388888888888889
0.9533333333333334 0.5388888888888889
0.97 0.5263888888888889
0.9716666666666667 0.5194444444444445
0.9766666666666667 0.5111111111111111
0.965 0.49444444444444446
0.9583333333333334 0.4861111111111111
0.94 0.47638888888888886
0.9166666666666666 0.45
0.9066666666666666 0.44027777777777777
0.9 0.425
0.8916666666666667 0.41805555555555557
0.8866666666666667 0.4097222222222222
0.8816666666666667 0.4013888888888889
0.8733333333333333 0.3958333333333333
0.8666666666666667 0.3861111111111111
0.86 0.37777777777777777
0.8533333333333334 0.3680555555555556
0.8433333333333334 0.3611111111111111
0.8333333333333334 0.35
0.8066666666666666 0.3277777777777778
0.8 0.31805555555555554
0.7916666666666666 0.30833333333333335
0.7883333333333333 0.3013888888888889
0.7816666666666666 0.2902777777777778
0.775 0.28194444444444444
0.7666666666666667 0.2722222222222222
0.7583333333333333 0.2625
0.75 0.25416666666666665
0.7466666666666667 0.24027777777777778
0.74 0.23194444444444445
0.735 0.2263888888888889
0.73 0.21944444444444444
0.7266666666666667 0.2152777777777778
0.7233333333333334 0.2125
0.7116666666666667 0.20694444444444443
0.6783333333333333 0.19027777777777777
0.67 0.18611111111111112
0.6616666666666666 0.18333333333333332
0.6516666666666666 0.18333333333333332
0.6383333333333333 0.18194444444444444
0.6233333333333333 0.1763888888888889
0.6133333333333333 0.17083333333333334
0.6016666666666667 0.16666666666666666
0.5883333333333334 0.14583333333333334
0.6 0.1125
0.615 0.08888888888888889
0.615 0.075
0.6166666666666667 0.05416666666666667
0.615 0.043055555555555555
0.6 0.022222222222222223
0.5866666666666667 0.015277777777777777
0.57 0.009722222222222222
