336
0.5333333333333333 0.0125
0.4683333333333333 0.0375
0.585 0.0375
0.46166666666666667 0.07916666666666666
0.5883333333333334 0.07777777777777778
0.475 0.11388888888888889
0.585 0.1111111111111111
0.49 0.14027777777777778
0.575 0.1361111111111111
0.4866666666666667 0.1597222222222222
0.5783333333333334 0.16111111111111112
0.38166666666666665 0.19027777777777777
0.6783333333333333 0.18611111111111112
0.25833333333333336 0.3111111111111111
0.11833333333333333 0.42916666666666664
0.058333333333333334 0.4708333333333333
0.08166666666666667 0.5
0.11166666666666666 0.4777777777777778
0.14166666666666666 0.44027777777777777
0.31 0.33055555555555555
0.385 0.2722222222222222
0.4 0.32083333333333336
0.39 0.4125
0.3883333333333333 0.4444444444444444
0.3933333333333333 0.6013888888888889
0.39 0.7125
0.375 0.8763888888888889
0.32 0.9597222222222223
0.36333333333333334 0.9875
0.425 0.9166666666666666
0.42333333333333334 0.8791666666666667
0.46166666666666667 0.7277777777777777
0.5183333333333333 0.5986111111111111
0.5833333333333334 0.7305555555555555
0.6116666666666667 0.8736111111111111
0.6066666666666667 0.9222222222222223
0.6566666666666666 0.9847222222222223
0.7066666666666667 0.9722222222222222
0.6583333333333333 0.8791666666666667
0.6533333333333333 0.7194444444444444
0.6566666666666666 0.5930555555555556
0.6516666666666666 0.44305555555555554
0.6583333333333333 0.4083333333333333
0.66 0.32083333333333336
0.6783333333333333 0.2625
0.755 0.3458333333333333
0.8966666666666666 0.4708333333333333
0.9183333333333333 0.5125
0.955 0.5236111111111111
0.9716666666666667 0.49722222222222223
0.925 0.4513888888888889
0.805 0.3263888888888889
0.5133333333333333 0.018055555555555554
0.5 0.022222222222222223
0.4816666666666667 0.027777777777777776
0.4633333333333333 0.05277777777777778
0.4633333333333333 0.06527777777777778
0.465 0.09305555555555556
0.4666666666666667 0.10277777777777777
0.48 0.12638888888888888
0.4866666666666667 0.1486111111111111
0.4716666666666667 0.1638888888888889
0.455 0.16666666666666666
0.445 0.16805555555555557
0.43833333333333335 0.16805555555555557
0.42833333333333334 0.16944444444444445
0.41833333333333333 0.17222222222222222
0.4083333333333333 0.175
0.395 0.18055555555555555
0.36833333333333335 0.19583333333333333
0.3566666666666667 0.20277777777777778
0.34833333333333333 0.2111111111111111
0.34 0.21805555555555556
0.3333333333333333 0.225
0.32666666666666666 0.23194444444444445
0.325 0.24305555555555555
0.31833333333333336 0.25416666666666665
0.31166666666666665 0.25972222222222224
0.305 0.26805555555555555
0.3 0.2763888888888889
0.29333333333333333 0.28194444444444444
0.2866666666666667 0.2875
0.2816666666666667 0.2916666666666667
0.27166666666666667 0.29444444444444445
0.26666666666666666 0.3
0.24 0.32083333333333336
0.22833333333333333 0.33055555555555555
0.21833333333333332 0.3347222222222222
0.21 0.3402777777777778
0.20333333333333334 0.3472222222222222
0.195 0.3527777777777778
0.18666666666666668 0.3597222222222222
0.18166666666666667 0.36666666666666664
0.17666666666666667 0.3763888888888889
0.16833333333333333 0.38333333333333336
0.15833333333333333 0.39166666666666666
0.14166666666666666 0.40694444444444444
0.10666666666666667 0.44027777777777777
0.09333333333333334 0.4486111111111111
0.08 0.45694444444444443
0.06333333333333334 0.4861111111111111
0.065 0.49027777777777776
0.07166666666666667 0.49583333333333335
0.09166666666666666 0.4930555555555556
0.105 0.4875
0.12333333333333334 0.4666666666666667
0.13 0.46111111111111114
0.13333333333333333 0.4513888888888889
0.155 0.43472222222222223
0.17 0.42916666666666664
0.18333333333333332 0.41944444444444445
0.20166666666666666 0.4111111111111111
0.21833333333333332 0.4013888888888889
0.23833333333333334 0.39166666666666666
0.255 0.3819444444444444
0.26666666666666666 0.3736111111111111
0.2816666666666667 0.3625
0.295 0.35
0.32666666666666666 0.3236111111111111
0.3416666666666667 0.31666666666666665
0.35333333333333333 0.30694444444444446
0.365 0.3
0.37166666666666665 0.2875
0.37833333333333335 0.28055555555555556
0.3933333333333333 0.2833333333333333
0.3933333333333333 0.29583333333333334
0.395 0.30694444444444446
0.395 0.3375
0.3983333333333333 0.35
0.40166666666666667 0.3680555555555556
0.40166666666666667 0.3819444444444444
0.4 0.3902777777777778
0.395 0.4
0.39 0.425
0.39166666666666666 0.4361111111111111
0.39 0.46111111111111114
0.39 0.4777777777777778
0.39 0.49166666666666664
0.3883333333333333 0.5041666666666667
0.38666666666666666 0.5180555555555556
0.3883333333333333 0.5347222222222222
0.3883333333333333 0.55
0.39166666666666666 0.5625
0.39166666666666666 0.5722222222222222
0.39166666666666666 0.5861111111111111
0.3933333333333333 0.6180555555555556
0.3883333333333333 0.6319444444444444
0.39 0.6513888888888889
0.39 0.6736111111111112
0.3933333333333333 0.6833333333333333
0.3933333333333333 0.6902777777777778
0.395 0.7
0.39166666666666666 0.7041666666666667
0.38166666666666665 0.7194444444444444
0.37666666666666665 0.7347222222222223
0.37166666666666665 0.7416666666666667
0.36666666666666664 0.7513888888888889
0.36333333333333334 0.7611111111111111
0.36333333333333334 0.7722222222222223
0.36333333333333334 0.7833333333333333
0.3616666666666667 0.7944444444444444
0.365 0.8125
0.36833333333333335 0.8402777777777778
0.37666666666666665 0.8972222222222223
0.37333333333333335 0.9138888888888889
0.365 0.9236111111111112
0.35 0.9347222222222222
0.33666666666666667 0.9444444444444444
0.32 0.9777777777777777
0.33666666666666667 0.9875
0.38166666666666665 0.9777777777777777
0.39666666666666667 0.9597222222222223
0.41333333333333333 0.9416666666666667
0.4266666666666667 0.9
0.4216666666666667 0.8638888888888889
0.4266666666666667 0.8513888888888889
0.44166666666666665 0.8361111111111111
0.44666666666666666 0.8208333333333333
0.45166666666666666 0.8083333333333333
0.45666666666666667 0.7986111111111112
0.45666666666666667 0.7875
0.4583333333333333 0.7708333333333334
0.46 0.7625
0.46 0.7486111111111111
0.475 0.7180555555555556
0.48 0.7069444444444445
0.48333333333333334 0.6944444444444444
0.48833333333333334 0.6819444444444445
0.49166666666666664 0.6666666666666666
0.495 0.6555555555555556
0.49666666666666665 0.6444444444444445
0.505 0.6333333333333333
0.505 0.6236111111111111
0.51 0.6111111111111112
0.53 0.6097222222222223
0.5366666666666666 0.6194444444444445
0.5466666666666666 0.6305555555555555
0.5516666666666666 0.6458333333333334
0.5566666666666666 0.6597222222222222
0.56 0.6736111111111112
0.565 0.6861111111111111
0.5666666666666667 0.6972222222222222
0.57 0.7041666666666667
0.5766666666666667 0.7166666666666667
0.5816666666666667 0.7444444444444445
0.5833333333333334 0.7583333333333333
0.5816666666666667 0.7763888888888889
0.5816666666666667 0.7930555555555555
0.585 0.8069444444444445
0.5916666666666667 0.8166666666666667
0.595 0.8263888888888888
0.5966666666666667 0.8375
0.6 0.8458333333333333
0.605 0.8597222222222223
0.6066666666666667 0.8972222222222223
0.6116666666666667 0.9347222222222222
0.6233333333333333 0.9527777777777777
0.6333333333333333 0.9708333333333333
0.6783333333333333 0.9902777777777778
0.7016666666666667 0.9833333333333333
0.6916666666666667 0.9583333333333334
0.68 0.9430555555555555
0.6683333333333333 0.9333333333333333
0.6566666666666666 0.9208333333333333
0.66 0.9
0.66 0.8597222222222223
0.665 0.8416666666666667
0.67 0.825
0.675 0.8069444444444445
0.6783333333333333 0.7888888888888889
0.6783333333333333 0.7763888888888889
0.6766666666666666 0.7625
0.6716666666666666 0.7513888888888889
0.6683333333333333 0.7402777777777778
0.6616666666666666 0.7319444444444444
0.655 0.7027777777777777
0.6533333333333333 0.6875
0.655 0.6694444444444444
0.6583333333333333 0.6541666666666667
0.6616666666666666 0.6388888888888888
0.6583333333333333 0.625
0.6566666666666666 0.6152777777777778
0.6566666666666666 0.6055555555555555
0.66 0.5763888888888888
0.6616666666666666 0.5652777777777778
0.6633333333333333 0.5513888888888889
0.665 0.5388888888888889
0.665 0.525
0.665 0.5111111111111111
0.665 0.49722222222222223
0.665 0.4847222222222222
0.66 0.475
0.6566666666666666 0.4625
0.655 0.42777777777777776
0.6566666666666666 0.41944444444444445
0.66 0.39444444444444443
0.6616666666666666 0.375
0.6583333333333333 0.3638888888888889
0.6616666666666666 0.35
0.6616666666666666 0.3388888888888889
0.6616666666666666 0.33194444444444443
0.6633333333333333 0.30416666666666664
0.6666666666666666 0.29305555555555557
0.6683333333333333 0.275
0.6883333333333334 0.28055555555555556
0.695 0.2916666666666667
0.7 0.3
0.705 0.3125
0.7183333333333334 0.325
0.7333333333333333 0.3333333333333333
0.7583333333333333 0.35833333333333334
0.7683333333333333 0.37083333333333335
0.78 0.38333333333333336
0.7966666666666666 0.3958333333333333
0.81 0.40694444444444444
0.8283333333333334 0.41805555555555557
0.8466666666666667 0.425
0.855 0.43472222222222223
0.8666666666666667 0.44583333333333336
0.8816666666666667 0.45694444444444443
0.9016666666666666 0.48194444444444445
0.9016666666666666 0.49166666666666664
0.9083333333333333 0.5055555555555555
0.9283333333333333 0.5180555555555556
0.9416666666666667 0.5208333333333334
0.9566666666666667 0.5125
0.9633333333333334 0.5083333333333333
0.9683333333333334 0.5013888888888889
0.9616666666666667 0.4875
0.95 0.48333333333333334
0.9383333333333334 0.4708333333333333
0.915 0.44166666666666665
0.9016666666666666 0.4305555555555556
0.8933333333333333 0.41805555555555557
0.885 0.40694444444444444
0.88 0.39861111111111114
0.87 0.3875
0.8616666666666667 0.37777777777777777
0.8566666666666667 0.36944444444444446
0.845 0.35833333333333334
0.8383333333333334 0.35138888888888886
0.8333333333333334 0.34305555555555556
0.8216666666666667 0.33611111111111114
0.7883333333333333 0.31527777777777777
0.78 0.30277777777777776
0.77 0.28888888888888886
0.76 0.2791666666666667
0.7516666666666667 0.26805555555555555
0.7416666666666667 0.25416666666666665
0.735 0.24027777777777778
0.7266666666666667 0.23055555555555557
0.715 0.21944444444444444
0.7083333333333334 0.2111111111111111
0.7033333333333334 0.20555555555555555
0.7016666666666667 0.20416666666666666
0.6983333333333334 0.2013888888888889
0.695 0.19722222222222222
0.6916666666666667 0.19583333333333333
0.6866666666666666 0.19305555555555556
0.6616666666666666 0.18611111111111112
0.6483333333333333 0.18194444444444444
0.6366666666666667 0.17777777777777778
0.6266666666666667 0.1736111111111111
0.6166666666666667 0.16944444444444445
0.61 0.16666666666666666
0.6016666666666667 0.1638888888888889
0.595 0.1625
0.5733333333333334 0.15
0.58 0.12361111111111112
0.5883333333333334 0.1
0.5933333333333334 0.09166666666666666
0.59 0.06805555555555555
0.59 0.05277777777777778
0.5783333333333334 0.030555555555555555
0.5683333333333334 0.025
0.555 0.019444444444444445
