337
0.5283333333333333 0.009722222222222222
0.4533333333333333 0.03611111111111111
0.59 0.03611111111111111
0.45 0.07222222222222222
0.5983333333333334 0.06805555555555555
0.46 0.10694444444444444
0.585 0.10694444444444444
0.47 0.12916666666666668
0.5783333333333334 0.12361111111111112
0.47333333333333333 0.14166666666666666
0.5916666666666667 0.1375
0.3416666666666667 0.15833333333333333
0.7 0.15555555555555556
0.19 0.28888888888888886
0.08666666666666667 0.41388888888888886
0.05 0.46944444444444444
0.11166666666666666 0.4861111111111111
0.12666666666666668 0.4625
0.13166666666666665 0.4152777777777778
0.24666666666666667 0.32083333333333336
0.345 0.24166666666666667
0.375 0.275
0.3416666666666667 0.37083333333333335
0.34 0.40694444444444444
0.31 0.5236111111111111
0.32666666666666666 0.6680555555555555
0.30666666666666664 0.8763888888888889
0.24666666666666667 0.9652777777777778
0.31833333333333336 0.9902777777777778
0.36333333333333334 0.9222222222222223
0.3616666666666667 0.8819444444444444
0.425 0.6888888888888889
0.49833333333333335 0.5305555555555556
0.5483333333333333 0.6958333333333333
0.5983333333333334 0.8819444444444444
0.5883333333333334 0.9208333333333333
0.65 0.9916666666666667
0.7216666666666667 0.9736111111111111
0.6583333333333333 0.8833333333333333
0.6483333333333333 0.6916666666666667
0.6833333333333333 0.5277777777777778
0.6566666666666666 0.4041666666666667
0.6533333333333333 0.37222222222222223
0.6583333333333333 0.2722222222222222
0.6816666666666666 0.2361111111111111
0.7866666666666666 0.3277777777777778
0.9 0.44305555555555554
0.9033333333333333 0.48194444444444445
0.9316666666666666 0.5027777777777778
0.9666666666666667 0.4861111111111111
0.9383333333333334 0.43472222222222223
0.8433333333333334 0.3
0.5016666666666667 0.013888888888888888
0.47833333333333333 0.019444444444444445
0.4666666666666667 0.02638888888888889
0.45166666666666666 0.05138888888888889
0.45166666666666666 0.058333333333333334
0.4483333333333333 0.07916666666666666
0.45166666666666666 0.09305555555555556
0.465 0.11944444444444445
0.47333333333333333 0.13472222222222222
0.4533333333333333 0.13333333333333333
0.44166666666666665 0.13333333333333333
0.43166666666666664 0.13333333333333333
0.42 0.13472222222222222
0.41 0.1361111111111111
0.3983333333333333 0.14027777777777778
0.38166666666666665 0.14166666666666666
0.365 0.1486111111111111
0.3233333333333333 0.1638888888888889
0.30833333333333335 0.16944444444444445
0.3 0.1763888888888889
0.2916666666666667 0.18194444444444444
0.285 0.19027777777777777
0.27666666666666667 0.19583333333333333
0.27166666666666667 0.20277777777777778
0.26666666666666666 0.20833333333333334
0.26 0.2152777777777778
0.25833333333333336 0.22083333333333333
0.25166666666666665 0.22916666666666666
0.24666666666666667 0.2361111111111111
0.24166666666666667 0.24305555555555555
0.235 0.24861111111111112
0.23 0.25416666666666665
0.21666666666666667 0.2652777777777778
0.17666666666666667 0.2986111111111111
0.165 0.30972222222222223
0.155 0.31805555555555554
0.145 0.33055555555555555
0.135 0.3402777777777778
0.125 0.3541666666666667
0.115 0.3638888888888889
0.11 0.37222222222222223
0.105 0.3819444444444444
0.10166666666666667 0.3888888888888889
0.09833333333333333 0.39305555555555555
0.095 0.4027777777777778
0.07666666666666666 0.42916666666666664
0.06833333333333333 0.44166666666666665
0.06 0.4513888888888889
0.07 0.4847222222222222
0.08666666666666667 0.4861111111111111
0.10166666666666667 0.4861111111111111
0.12166666666666667 0.48055555555555557
0.125 0.4722222222222222
0.13166666666666665 0.4513888888888889
0.12333333333333334 0.44027777777777777
0.12333333333333334 0.42916666666666664
0.14 0.40555555555555556
0.14833333333333334 0.3972222222222222
0.15833333333333333 0.3902777777777778
0.16833333333333333 0.38055555555555554
0.17666666666666667 0.375
0.19 0.36666666666666664
0.20166666666666666 0.3527777777777778
0.21333333333333335 0.3458333333333333
0.22333333333333333 0.3375
0.23333333333333334 0.32916666666666666
0.25833333333333336 0.30833333333333335
0.2683333333333333 0.2986111111111111
0.2783333333333333 0.28888888888888886
0.2916666666666667 0.2791666666666667
0.30333333333333334 0.2708333333333333
0.32666666666666666 0.2569444444444444
0.35833333333333334 0.25277777777777777
0.36333333333333334 0.25833333333333336
0.37 0.26666666666666666
0.36833333333333335 0.2861111111111111
0.37333333333333335 0.2986111111111111
0.37666666666666665 0.32222222222222224
0.37 0.3333333333333333
0.35833333333333334 0.34444444444444444
0.3516666666666667 0.35555555555555557
0.3383333333333333 0.3861111111111111
0.3383333333333333 0.3958333333333333
0.33666666666666667 0.41944444444444445
0.3333333333333333 0.42916666666666664
0.33166666666666667 0.4361111111111111
0.32666666666666666 0.44722222222222224
0.32166666666666666 0.45555555555555555
0.31666666666666665 0.4652777777777778
0.31333333333333335 0.475
0.31 0.48333333333333334
0.31 0.49166666666666664
0.31 0.5013888888888889
0.31333333333333335 0.5416666666666666
0.315 0.5611111111111111
0.32 0.5736111111111111
0.32166666666666666 0.5944444444444444
0.32666666666666666 0.6111111111111112
0.32666666666666666 0.6319444444444444
0.32666666666666666 0.6416666666666667
0.32666666666666666 0.6541666666666667
0.3233333333333333 0.6833333333333333
0.31333333333333335 0.7027777777777777
0.3016666666666667 0.7194444444444444
0.29833333333333334 0.7361111111111112
0.2966666666666667 0.7638888888888888
0.2966666666666667 0.7833333333333333
0.2966666666666667 0.8041666666666667
0.3 0.8236111111111111
0.3016666666666667 0.8388888888888889
0.30333333333333334 0.85
0.305 0.8638888888888889
0.30333333333333334 0.8986111111111111
0.29333333333333333 0.9111111111111111
0.285 0.925
0.2733333333333333 0.9347222222222222
0.26 0.9486111111111111
0.2633333333333333 0.9847222222222223
0.28833333333333333 0.9875
0.345 0.975
0.35 0.9583333333333334
0.355 0.9416666666666667
0.35833333333333334 0.9013888888888889
0.36833333333333335 0.8652777777777778
0.37666666666666665 0.8430555555555556
0.38166666666666665 0.825
0.3883333333333333 0.8055555555555556
0.39666666666666667 0.7888888888888889
0.405 0.7722222222222223
0.4116666666666667 0.7527777777777778
0.4166666666666667 0.7277777777777777
0.42 0.7138888888888889
0.4216666666666667 0.7027777777777777
0.43666666666666665 0.6763888888888889
0.4483333333333333 0.6638888888888889
0.455 0.6486111111111111
0.4583333333333333 0.6305555555555555
0.46166666666666667 0.6152777777777778
0.4666666666666667 0.5986111111111111
0.47333333333333333 0.5833333333333334
0.47833333333333333 0.5722222222222222
0.4816666666666667 0.5597222222222222
0.4866666666666667 0.5472222222222223
0.505 0.5513888888888889
0.5116666666666667 0.5736111111111111
0.515 0.5916666666666667
0.52 0.6069444444444444
0.5216666666666666 0.6236111111111111
0.5233333333333333 0.6402777777777777
0.5266666666666666 0.6513888888888889
0.53 0.6625
0.535 0.6722222222222223
0.5416666666666666 0.6833333333333333
0.55 0.7180555555555556
0.55 0.7333333333333333
0.5516666666666666 0.7513888888888889
0.5583333333333333 0.7722222222222223
0.565 0.7875
0.5733333333333334 0.8041666666666667
0.58 0.8194444444444444
0.585 0.8305555555555556
0.5916666666666667 0.8458333333333333
0.595 0.8625
0.595 0.9013888888888889
0.6033333333333334 0.9375
0.62 0.9513888888888888
0.6283333333333333 0.9763888888888889
0.6783333333333333 0.9916666666666667
0.7016666666666667 0.9861111111111112
0.705 0.9486111111111111
0.685 0.9402777777777778
0.6733333333333333 0.925
0.665 0.9083333333333333
0.6616666666666666 0.8986111111111111
0.6616666666666666 0.8625
0.6616666666666666 0.8430555555555556
0.6616666666666666 0.8263888888888888
0.665 0.8083333333333333
0.6683333333333333 0.7902777777777777
0.6716666666666666 0.7708333333333334
0.6716666666666666 0.7555555555555555
0.6666666666666666 0.7388888888888889
0.665 0.7208333333333333
0.6566666666666666 0.7097222222222223
0.6466666666666666 0.6722222222222223
0.65 0.65
0.6516666666666666 0.6333333333333333
0.655 0.6166666666666667
0.6633333333333333 0.6027777777777777
0.6683333333333333 0.5861111111111111
0.6733333333333333 0.5680555555555555
0.675 0.5486111111111112
0.6866666666666666 0.5111111111111111
0.685 0.4986111111111111
0.6833333333333333 0.4847222222222222
0.6816666666666666 0.46805555555555556
0.6766666666666666 0.45694444444444443
0.6733333333333333 0.44583333333333336
0.67 0.4388888888888889
0.6683333333333333 0.43333333333333335
0.665 0.4263888888888889
0.6616666666666666 0.4166666666666667
0.6616666666666666 0.3958333333333333
0.6583333333333333 0.3875
0.6566666666666666 0.3611111111111111
0.6466666666666666 0.3486111111111111
0.645 0.33055555555555555
0.65 0.31666666666666665
0.655 0.30277777777777776
0.6583333333333333 0.2875
0.6616666666666666 0.25972222222222224
0.6633333333333333 0.25
0.6716666666666666 0.24166666666666667
0.6966666666666667 0.25
0.705 0.25972222222222224
0.7133333333333334 0.26944444444444443
0.7216666666666667 0.2777777777777778
0.735 0.2875
0.755 0.3055555555555556
0.7966666666666666 0.34305555555555556
0.81 0.3541666666666667
0.82 0.3638888888888889
0.8283333333333334 0.3736111111111111
0.84 0.3819444444444444
0.85 0.3888888888888889
0.8583333333333333 0.4
0.8683333333333333 0.4083333333333333
0.8766666666666667 0.4152777777777778
0.8866666666666667 0.42777777777777776
0.8933333333333333 0.4513888888888889
0.8933333333333333 0.4583333333333333
0.8966666666666666 0.4708333333333333
0.9116666666666666 0.49444444444444446
0.9216666666666666 0.5041666666666667
0.9433333333333334 0.5
0.95 0.49583333333333335
0.9616666666666667 0.49444444444444446
0.96 0.475
0.9466666666666667 0.46111111111111114
0.9416666666666667 0.4486111111111111
0.93 0.4222222222222222
0.9233333333333333 0.4111111111111111
0.9183333333333333 0.3972222222222222
0.915 0.3888888888888889
0.9083333333333333 0.38055555555555554
0.905 0.37083333333333335
0.9 0.3638888888888889
0.895 0.35694444444444445
0.89 0.3486111111111111
0.8833333333333333 0.3416666666666667
0.875 0.33055555555555555
0.8616666666666667 0.31805555555555554
0.835 0.2902777777777778
0.8233333333333334 0.2847222222222222
0.8166666666666667 0.2763888888888889
0.8066666666666666 0.26666666666666666
0.8 0.25833333333333336
0.795 0.24861111111111112
0.7883333333333333 0.2388888888888889
0.7833333333333333 0.22916666666666666
0.7766666666666666 0.21944444444444444
0.77 0.20972222222222223
0.7666666666666667 0.2
0.7616666666666667 0.19305555555555556
0.7533333333333333 0.18611111111111112
0.7433333333333333 0.1763888888888889
0.7366666666666667 0.17083333333333334
0.7216666666666667 0.16527777777777777
0.6866666666666666 0.1527777777777778
0.6783333333333333 0.15
0.6683333333333333 0.14583333333333334
0.6583333333333333 0.14166666666666666
0.6483333333333333 0.1388888888888889
0.6383333333333333 0.13472222222222222
0.6216666666666667 0.13333333333333333
0.61 0.13333333333333333
0.585 0.13333333333333333
0.5866666666666667 0.1125
0.595 0.09166666666666666
0.5983333333333334 0.07916666666666666
0.5983333333333334 0.05555555555555555
0.5933333333333334 0.04583333333333333
0.5783333333333334 0.027777777777777776
0.565 0.020833333333333332
0.55 0.015277777777777777
