336
0.5016666666666667 0.011111111111111112
0.435 0.03194444444444444
0.5666666666666667 0.025
0.43 0.06527777777777778
0.58 0.06111111111111111
0.435 0.10138888888888889
0.57 0.10138888888888889
0.44333333333333336 0.12777777777777777
0.565 0.12361111111111112
0.43 0.1597222222222222
0.5733333333333334 0.16111111111111112
0.275 0.20277777777777778
0.715 0.19722222222222222
0.18833333333333332 0.35694444444444445
0.085 0.49166666666666664
0.051666666666666666 0.5458333333333333
0.08 0.5805555555555556
0.12333333333333334 0.5638888888888889
0.12166666666666667 0.5027777777777778
0.255 0.38333333333333336
0.33666666666666667 0.2763888888888889
0.36 0.31666666666666665
0.34833333333333333 0.41388888888888886
0.33 0.45
0.30666666666666664 0.5486111111111112
0.335 0.7013888888888888
0.3883333333333333 0.8958333333333334
0.35333333333333333 0.9638888888888889
0.4266666666666667 0.9930555555555556
0.4583333333333333 0.925
0.4483333333333333 0.8916666666666667
0.4216666666666667 0.7152777777777778
0.49333333333333335 0.5458333333333333
0.555 0.725
0.5316666666666666 0.8847222222222222
0.5133333333333333 0.9041666666666667
0.56 0.9930555555555556
0.63 0.975
0.5883333333333334 0.8875
0.6416666666666667 0.7055555555555556
0.6783333333333333 0.5375
0.645 0.4375
0.6366666666666667 0.4041666666666667
0.6283333333333333 0.30833333333333335
0.665 0.2625
0.7483333333333333 0.3875
0.8533333333333334 0.4986111111111111
0.86 0.5680555555555555
0.905 0.5722222222222222
0.9183333333333333 0.5416666666666666
0.895 0.4847222222222222
0.7933333333333333 0.35
0.485 0.0125
0.4683333333333333 0.015277777777777777
0.455 0.020833333333333332
0.43 0.043055555555555555
0.43 0.05277777777777778
0.42833333333333334 0.07777777777777778
0.43 0.09027777777777778
0.44 0.11666666666666667
0.43833333333333335 0.14583333333333334
0.415 0.16666666666666666
0.3933333333333333 0.16805555555555557
0.37833333333333335 0.17222222222222222
0.36333333333333334 0.175
0.3466666666666667 0.17777777777777778
0.33 0.18194444444444444
0.31333333333333335 0.18611111111111112
0.2966666666666667 0.19305555555555556
0.2683333333333333 0.2152777777777778
0.25833333333333336 0.23194444444444445
0.25333333333333335 0.24861111111111112
0.25 0.26666666666666666
0.24833333333333332 0.28055555555555556
0.23666666666666666 0.28888888888888886
0.23166666666666666 0.3013888888888889
0.23 0.30972222222222223
0.22666666666666666 0.31527777777777777
0.225 0.32222222222222224
0.21666666666666667 0.3277777777777778
0.21333333333333335 0.33194444444444443
0.20833333333333334 0.3347222222222222
0.20666666666666667 0.3402777777777778
0.20333333333333334 0.3416666666666667
0.19666666666666666 0.3458333333333333
0.16833333333333333 0.37083333333333335
0.15833333333333333 0.3819444444444444
0.15166666666666667 0.3902777777777778
0.14666666666666667 0.3972222222222222
0.14166666666666666 0.40694444444444444
0.13666666666666666 0.41388888888888886
0.13166666666666665 0.4236111111111111
0.12666666666666668 0.4305555555555556
0.12 0.44027777777777777
0.11333333333333333 0.4527777777777778
0.10833333333333334 0.4597222222222222
0.1 0.4722222222222222
0.08166666666666667 0.5069444444444444
0.07333333333333333 0.5222222222222223
0.06166666666666667 0.5333333333333333
0.058333333333333334 0.5611111111111111
0.06166666666666667 0.5625
0.06833333333333333 0.5708333333333333
0.09833333333333333 0.5805555555555556
0.11333333333333333 0.575
0.12833333333333333 0.5458333333333333
0.13166666666666665 0.5333333333333333
0.12666666666666668 0.5180555555555556
0.135 0.49027777777777776
0.145 0.48194444444444445
0.15833333333333333 0.4708333333333333
0.17 0.4597222222222222
0.18666666666666668 0.45
0.19666666666666666 0.44166666666666665
0.21 0.43333333333333335
0.22 0.425
0.22666666666666666 0.4152777777777778
0.23833333333333334 0.4027777777777778
0.2633333333333333 0.3638888888888889
0.2783333333333333 0.35
0.28833333333333333 0.3375
0.30333333333333334 0.3236111111111111
0.31333333333333335 0.30972222222222223
0.325 0.29583333333333334
0.345 0.29305555555555557
0.34833333333333333 0.3
0.35333333333333333 0.30833333333333335
0.35833333333333334 0.3347222222222222
0.36333333333333334 0.35138888888888886
0.365 0.3680555555555556
0.36333333333333334 0.38055555555555554
0.35833333333333334 0.3888888888888889
0.35333333333333333 0.4
0.3433333333333333 0.4222222222222222
0.3383333333333333 0.4388888888888889
0.3233333333333333 0.4625
0.32 0.4708333333333333
0.31833333333333336 0.47638888888888886
0.31666666666666665 0.4847222222222222
0.315 0.4930555555555556
0.31333333333333335 0.5
0.31166666666666665 0.5055555555555555
0.30833333333333335 0.5138888888888888
0.30666666666666664 0.5222222222222223
0.305 0.5333333333333333
0.30833333333333335 0.5694444444444444
0.31333333333333335 0.6
0.31833333333333336 0.6125
0.32 0.6222222222222222
0.32666666666666666 0.6416666666666667
0.3383333333333333 0.6680555555555555
0.34 0.6791666666666667
0.33666666666666667 0.6902777777777778
0.32666666666666666 0.725
0.3233333333333333 0.7458333333333333
0.325 0.7680555555555556
0.33 0.7861111111111111
0.3383333333333333 0.8
0.34833333333333333 0.8180555555555555
0.36 0.8277777777777777
0.37 0.85
0.38333333333333336 0.8694444444444445
0.385 0.8833333333333333
0.385 0.9194444444444444
0.37833333333333335 0.9277777777777778
0.36833333333333335 0.9333333333333333
0.365 0.9388888888888889
0.3566666666666667 0.9486111111111111
0.365 0.9833333333333333
0.39 0.9902777777777778
0.44666666666666666 0.9819444444444444
0.44666666666666666 0.9625
0.455 0.9472222222222222
0.455 0.9083333333333333
0.4483333333333333 0.8763888888888889
0.43833333333333335 0.8652777777777778
0.43 0.8569444444444444
0.43666666666666665 0.8361111111111111
0.43666666666666665 0.825
0.43666666666666665 0.8097222222222222
0.44166666666666665 0.7902777777777777
0.44 0.775
0.43166666666666664 0.7611111111111111
0.42 0.7444444444444445
0.44666666666666666 0.6972222222222222
0.45666666666666667 0.6819444444444445
0.45666666666666667 0.6583333333333333
0.45666666666666667 0.6430555555555556
0.45666666666666667 0.6263888888888889
0.46166666666666667 0.6166666666666667
0.465 0.6055555555555555
0.4716666666666667 0.5916666666666667
0.475 0.5791666666666667
0.4766666666666667 0.5638888888888889
0.505 0.5638888888888889
0.5083333333333333 0.5875
0.515 0.6069444444444444
0.5183333333333333 0.6194444444444445
0.5216666666666666 0.6347222222222222
0.5216666666666666 0.6486111111111111
0.5166666666666667 0.6666666666666666
0.525 0.6930555555555555
0.5333333333333333 0.7027777777777777
0.545 0.7180555555555556
0.555 0.7444444444444445
0.5433333333333333 0.7625
0.5383333333333333 0.7763888888888889
0.5366666666666666 0.7930555555555555
0.5383333333333333 0.8041666666666667
0.5383333333333333 0.8194444444444444
0.5383333333333333 0.8291666666666667
0.54 0.8416666666666667
0.5383333333333333 0.8569444444444444
0.535 0.8680555555555556
0.52 0.8916666666666667
0.5166666666666667 0.9236111111111112
0.5316666666666666 0.9513888888888888
0.5416666666666666 0.975
0.5883333333333334 0.9944444444444445
0.615 0.9875
0.625 0.9611111111111111
0.615 0.9458333333333333
0.605 0.9375
0.5966666666666667 0.9263888888888889
0.5883333333333334 0.9069444444444444
0.5933333333333334 0.8736111111111111
0.6 0.8583333333333333
0.6066666666666667 0.8458333333333333
0.615 0.8361111111111111
0.625 0.8180555555555555
0.6316666666666667 0.8027777777777778
0.6416666666666667 0.7888888888888889
0.6516666666666666 0.7694444444444445
0.65 0.7458333333333333
0.65 0.7263888888888889
0.6416666666666667 0.6888888888888889
0.64 0.6694444444444444
0.6516666666666666 0.6527777777777778
0.655 0.6361111111111111
0.6633333333333333 0.6152777777777778
0.6633333333333333 0.6
0.6716666666666666 0.5805555555555556
0.675 0.5583333333333333
0.68 0.5180555555555556
0.6733333333333333 0.5041666666666667
0.6733333333333333 0.49583333333333335
0.6733333333333333 0.4875
0.6716666666666666 0.4791666666666667
0.6683333333333333 0.4736111111111111
0.665 0.46805555555555556
0.6616666666666666 0.46111111111111114
0.6616666666666666 0.45555555555555555
0.6566666666666666 0.4486111111111111
0.645 0.42916666666666664
0.6416666666666667 0.41944444444444445
0.64 0.39166666666666666
0.6316666666666667 0.37777777777777777
0.6283333333333333 0.3680555555555556
0.6316666666666667 0.35138888888888886
0.6366666666666667 0.33611111111111114
0.635 0.32083333333333336
0.6383333333333333 0.2972222222222222
0.6416666666666667 0.2875
0.6533333333333333 0.27361111111111114
0.6716666666666666 0.2833333333333333
0.6783333333333333 0.30694444444444446
0.695 0.3263888888888889
0.715 0.34305555555555556
0.7233333333333334 0.3611111111111111
0.7316666666666667 0.38055555555555554
0.7583333333333333 0.40694444444444444
0.77 0.41805555555555557
0.7816666666666666 0.42777777777777776
0.79 0.4361111111111111
0.8066666666666666 0.44583333333333336
0.8216666666666667 0.45416666666666666
0.8283333333333334 0.46111111111111114
0.8333333333333334 0.4708333333333333
0.84 0.48055555555555557
0.8466666666666667 0.4875
0.8466666666666667 0.5236111111111111
0.8483333333333334 0.5388888888888889
0.8533333333333334 0.5513888888888889
0.8733333333333333 0.5763888888888888
0.8933333333333333 0.5777777777777777
0.91 0.5652777777777778
0.915 0.5583333333333333
0.9183333333333333 0.55
0.9133333333333333 0.5291666666666667
0.9016666666666666 0.5138888888888888
0.8966666666666666 0.5
0.885 0.4722222222222222
0.8766666666666667 0.46111111111111114
0.8666666666666667 0.44305555555555554
0.8633333333333333 0.4305555555555556
0.8566666666666667 0.4152777777777778
0.8533333333333334 0.4083333333333333
0.8483333333333334 0.4013888888888889
0.8433333333333334 0.39444444444444443
0.8383333333333334 0.3861111111111111
0.8333333333333334 0.37777777777777777
0.8266666666666667 0.3680555555555556
0.8116666666666666 0.3597222222222222
0.7916666666666666 0.34305555555555556
0.785 0.3333333333333333
0.7783333333333333 0.3236111111111111
0.7733333333333333 0.3138888888888889
0.77 0.30416666666666664
0.765 0.2986111111111111
0.7583333333333333 0.28888888888888886
0.7516666666666667 0.28055555555555556
0.75 0.2708333333333333
0.75 0.2625
0.7466666666666667 0.25416666666666665
0.7433333333333333 0.24722222222222223
0.7383333333333333 0.2361111111111111
0.735 0.22777777777777777
0.7333333333333333 0.21805555555555556
0.725 0.20833333333333334
0.6983333333333334 0.19444444444444445
0.685 0.19027777777777777
0.6683333333333333 0.18472222222222223
0.65 0.17916666666666667
0.6383333333333333 0.175
0.625 0.1736111111111111
0.6133333333333333 0.17083333333333334
0.5966666666666667 0.16805555555555557
0.5683333333333334 0.14444444444444443
0.5683333333333334 0.1125
0.5816666666666667 0.09166666666666666
0.5833333333333334 0.08055555555555556
0.585 0.04583333333333333
0.58 0.0375
0.56 0.020833333333333332
0.5466666666666666 0.015277777777777777
0.525 0.0125
