336
0.4683333333333333 0.008333333333333333
0.38 0.030555555555555555
0.5583333333333333 0.029166666666666667
0.37833333333333335 0.0763888888888889
0.565 0.07777777777777778
0.38166666666666665 0.10138888888888889
0.5533333333333333 0.10277777777777777
0.405 0.13472222222222222
0.5316666666666666 0.12777777777777777
0.3933333333333333 0.1625
0.535 0.16111111111111112
0.26166666666666666 0.2013888888888889
0.65 0.19722222222222222
0.16166666666666665 0.3527777777777778
0.08833333333333333 0.4861111111111111
0.04666666666666667 0.5333333333333333
0.09666666666666666 0.5652777777777778
0.14 0.5444444444444444
0.135 0.49444444444444446
0.225 0.3861111111111111
0.2833333333333333 0.2986111111111111
0.31166666666666665 0.3375
0.29833333333333334 0.4041666666666667
0.2966666666666667 0.44027777777777777
0.29333333333333333 0.5652777777777778
0.32 0.6958333333333333
0.31666666666666665 0.8819444444444444
0.25166666666666665 0.9625
0.31833333333333336 0.9902777777777778
0.37166666666666665 0.9222222222222223
0.36833333333333335 0.8861111111111111
0.4083333333333333 0.7138888888888889
0.4533333333333333 0.5736111111111111
0.49166666666666664 0.7138888888888889
0.52 0.8902777777777777
0.5216666666666666 0.9208333333333333
0.545 0.9930555555555556
0.62 0.9722222222222222
0.5733333333333334 0.8875
0.5833333333333334 0.6986111111111111
0.615 0.5666666666666667
0.615 0.44027777777777777
0.6183333333333333 0.4027777777777778
0.6133333333333333 0.33055555555555555
0.6416666666666667 0.29444444444444445
0.6983333333333334 0.37916666666666665
0.7933333333333333 0.4888888888888889
0.7766666666666666 0.5541666666666667
0.8233333333333334 0.5486111111111112
0.8533333333333334 0.5291666666666667
0.8383333333333334 0.48055555555555557
0.7533333333333333 0.3458333333333333
0.435 0.009722222222222222
0.41333333333333333 0.013888888888888888
0.39666666666666667 0.020833333333333332
0.37666666666666665 0.05138888888888889
0.37666666666666665 0.06527777777777778
0.38166666666666665 0.0875
0.38333333333333336 0.09305555555555556
0.39 0.11666666666666667
0.4066666666666667 0.1527777777777778
0.37666666666666665 0.17222222222222222
0.355 0.175
0.3433333333333333 0.18055555555555555
0.33 0.18194444444444444
0.32 0.18333333333333332
0.30666666666666664 0.18611111111111112
0.2966666666666667 0.1875
0.28 0.19444444444444445
0.24666666666666667 0.20972222222222223
0.24 0.2152777777777778
0.23 0.2222222222222222
0.225 0.23333333333333334
0.215 0.24305555555555555
0.20833333333333334 0.25277777777777777
0.20166666666666666 0.2638888888888889
0.19666666666666666 0.2722222222222222
0.195 0.2847222222222222
0.19 0.29444444444444445
0.18833333333333332 0.30277777777777776
0.18666666666666668 0.30972222222222223
0.18333333333333332 0.31805555555555554
0.17833333333333334 0.3263888888888889
0.175 0.3347222222222222
0.16833333333333333 0.3402777777777778
0.155 0.3638888888888889
0.14833333333333334 0.37222222222222223
0.14166666666666666 0.3819444444444444
0.13333333333333333 0.3888888888888889
0.12666666666666668 0.39861111111111114
0.12 0.4097222222222222
0.115 0.41944444444444445
0.11166666666666666 0.42916666666666664
0.10666666666666667 0.4388888888888889
0.10666666666666667 0.4486111111111111
0.10333333333333333 0.45555555555555555
0.095 0.46805555555555556
0.08 0.49583333333333335
0.07333333333333333 0.5055555555555555
0.058333333333333334 0.5180555555555556
0.06 0.55
0.06833333333333333 0.5555555555555556
0.08166666666666667 0.5611111111111111
0.11666666666666667 0.5652777777777778
0.13333333333333333 0.5583333333333333
0.14166666666666666 0.5319444444444444
0.13833333333333334 0.5222222222222223
0.135 0.5083333333333333
0.14166666666666666 0.48194444444444445
0.15 0.4708333333333333
0.16 0.4597222222222222
0.17 0.45
0.18333333333333332 0.44166666666666665
0.19333333333333333 0.4305555555555556
0.205 0.4222222222222222
0.21 0.41388888888888886
0.215 0.4041666666666667
0.22 0.39444444444444443
0.23666666666666666 0.375
0.24333333333333335 0.3625
0.25166666666666665 0.3527777777777778
0.25833333333333336 0.34305555555555556
0.26666666666666666 0.32916666666666666
0.2733333333333333 0.31805555555555554
0.2916666666666667 0.3138888888888889
0.2966666666666667 0.32222222222222224
0.30333333333333334 0.32916666666666666
0.30833333333333335 0.35138888888888886
0.30833333333333335 0.3597222222222222
0.305 0.36944444444444446
0.30333333333333334 0.37777777777777777
0.30333333333333334 0.3861111111111111
0.3016666666666667 0.39444444444444443
0.29833333333333334 0.4166666666666667
0.3016666666666667 0.4305555555555556
0.295 0.4597222222222222
0.28833333333333333 0.47638888888888886
0.285 0.4888888888888889
0.2816666666666667 0.5055555555555555
0.2816666666666667 0.5180555555555556
0.2833333333333333 0.5277777777777778
0.2866666666666667 0.5375
0.28833333333333333 0.5430555555555555
0.29 0.5486111111111112
0.2916666666666667 0.5555555555555556
0.29833333333333334 0.5805555555555556
0.305 0.5986111111111111
0.30666666666666664 0.6138888888888889
0.315 0.6333333333333333
0.31833333333333336 0.6486111111111111
0.31833333333333336 0.6597222222222222
0.31833333333333336 0.6666666666666666
0.32166666666666666 0.6805555555555556
0.31166666666666665 0.7111111111111111
0.305 0.7222222222222222
0.30333333333333334 0.7347222222222223
0.3 0.7513888888888889
0.3 0.7666666666666667
0.3016666666666667 0.7777777777777778
0.305 0.7930555555555555
0.30833333333333335 0.8069444444444445
0.31166666666666665 0.8208333333333333
0.31833333333333336 0.8513888888888889
0.31166666666666665 0.9069444444444444
0.3 0.9222222222222223
0.285 0.9319444444444445
0.275 0.9402777777777778
0.26166666666666666 0.9486111111111111
0.265 0.9819444444444444
0.29 0.9861111111111112
0.34 0.9791666666666666
0.34833333333333333 0.9625
0.36 0.9444444444444444
0.37166666666666665 0.9055555555555556
0.37166666666666665 0.875
0.36833333333333335 0.8611111111111112
0.36833333333333335 0.85
0.37 0.8347222222222223
0.375 0.8236111111111111
0.385 0.8097222222222222
0.395 0.7916666666666666
0.4066666666666667 0.7666666666666667
0.41 0.7513888888888889
0.41 0.7333333333333333
0.41833333333333333 0.7013888888888888
0.42833333333333334 0.6847222222222222
0.43666666666666665 0.6680555555555555
0.43333333333333335 0.65
0.435 0.6347222222222222
0.43666666666666665 0.6180555555555556
0.44166666666666665 0.6055555555555555
0.44333333333333336 0.5972222222222222
0.445 0.5916666666666667
0.4483333333333333 0.5833333333333334
0.46166666666666667 0.5986111111111111
0.4633333333333333 0.6097222222222223
0.465 0.6236111111111111
0.4666666666666667 0.6375
0.4683333333333333 0.6527777777777778
0.47 0.6680555555555555
0.4716666666666667 0.6777777777777778
0.475 0.6861111111111111
0.47833333333333333 0.6944444444444444
0.4866666666666667 0.7055555555555556
0.4866666666666667 0.7291666666666666
0.485 0.7486111111111111
0.48833333333333334 0.7652777777777777
0.49333333333333335 0.7805555555555556
0.5033333333333333 0.7958333333333333
0.51 0.8111111111111111
0.5166666666666667 0.8277777777777777
0.5166666666666667 0.8388888888888889
0.52 0.8555555555555555
0.52 0.8708333333333333
0.52 0.9055555555555556
0.5266666666666666 0.9388888888888889
0.5333333333333333 0.9541666666666667
0.5366666666666666 0.975
0.57 0.9888888888888889
0.6 0.9875
0.6116666666666667 0.95
0.605 0.9402777777777778
0.5933333333333334 0.9333333333333333
0.585 0.9222222222222223
0.58 0.9041666666666667
0.575 0.875
0.575 0.8611111111111112
0.5766666666666667 0.8472222222222222
0.5816666666666667 0.8319444444444445
0.5833333333333334 0.8166666666666667
0.585 0.8013888888888889
0.5916666666666667 0.7888888888888889
0.595 0.7736111111111111
0.5983333333333334 0.7569444444444444
0.5983333333333334 0.7319444444444444
0.5833333333333334 0.6833333333333333
0.5816666666666667 0.6638888888888889
0.585 0.6472222222222223
0.59 0.6319444444444444
0.595 0.6194444444444445
0.5983333333333334 0.6069444444444444
0.6016666666666667 0.5958333333333333
0.61 0.5819444444444445
0.6216666666666667 0.5555555555555556
0.6283333333333333 0.5458333333333333
0.6366666666666667 0.5277777777777778
0.635 0.5138888888888888
0.635 0.5027777777777778
0.635 0.4930555555555556
0.6333333333333333 0.48055555555555557
0.63 0.4708333333333333
0.6283333333333333 0.4638888888888889
0.6216666666666667 0.45416666666666666
0.6183333333333333 0.42916666666666664
0.6233333333333333 0.4152777777777778
0.62 0.3902777777777778
0.6133333333333333 0.37916666666666665
0.61 0.36527777777777776
0.6083333333333333 0.35555555555555557
0.6083333333333333 0.3486111111111111
0.61 0.3375
0.6233333333333333 0.31805555555555554
0.6266666666666667 0.3111111111111111
0.635 0.30416666666666664
0.6516666666666666 0.30833333333333335
0.6583333333333333 0.325
0.665 0.3375
0.6683333333333333 0.34444444444444444
0.675 0.3541666666666667
0.685 0.3680555555555556
0.7033333333333334 0.3958333333333333
0.71 0.4111111111111111
0.72 0.42083333333333334
0.7333333333333333 0.4305555555555556
0.745 0.44027777777777777
0.7583333333333333 0.4513888888888889
0.7666666666666667 0.4583333333333333
0.7766666666666666 0.46805555555555556
0.7833333333333333 0.475
0.7916666666666666 0.48194444444444445
0.7833333333333333 0.5027777777777778
0.7733333333333333 0.5208333333333334
0.7733333333333333 0.5375
0.7916666666666666 0.5611111111111111
0.8066666666666666 0.5555555555555556
0.8333333333333334 0.5444444444444444
0.8383333333333334 0.5375
0.8466666666666667 0.5333333333333333
0.8466666666666667 0.5166666666666667
0.8416666666666667 0.5055555555555555
0.8383333333333334 0.4930555555555556
0.8316666666666667 0.4722222222222222
0.825 0.4638888888888889
0.8216666666666667 0.45416666666666666
0.8166666666666667 0.4444444444444444
0.8116666666666666 0.43333333333333335
0.8083333333333333 0.4236111111111111
0.8016666666666666 0.41388888888888886
0.8 0.40555555555555556
0.7933333333333333 0.3958333333333333
0.785 0.3888888888888889
0.78 0.38055555555555554
0.7683333333333333 0.36666666666666664
0.7483333333333333 0.3347222222222222
0.7416666666666667 0.3236111111111111
0.7383333333333333 0.3125
0.7333333333333333 0.3
0.7316666666666667 0.2847222222222222
0.7266666666666667 0.27361111111111114
0.7166666666666667 0.2625
0.71 0.25
0.7016666666666667 0.2388888888888889
0.695 0.22916666666666666
0.6866666666666666 0.2222222222222222
0.6833333333333333 0.21805555555555556
0.68 0.2125
0.675 0.20833333333333334
0.67 0.20694444444444443
0.6633333333333333 0.20416666666666666
0.6383333333333333 0.19583333333333333
0.6333333333333333 0.19027777777777777
0.62 0.18611111111111112
0.605 0.18194444444444444
0.5933333333333334 0.17916666666666667
0.5816666666666667 0.175
0.5716666666666667 0.17222222222222222
0.5583333333333333 0.17083333333333334
0.5316666666666666 0.15
0.5433333333333333 0.11527777777777778
0.5583333333333333 0.09305555555555556
0.5616666666666666 0.08611111111111111
0.5666666666666667 0.06527777777777778
0.5666666666666667 0.05
0.5516666666666666 0.020833333333333332
0.54 0.011111111111111112
0.5116666666666667 0.006944444444444444
