336
0.47833333333333333 0.006944444444444444
0.4166666666666667 0.025
0.54 0.02361111111111111
0.4033333333333333 0.07083333333333333
0.5583333333333333 0.06388888888888888
0.41 0.10694444444444444
0.5566666666666666 0.10833333333333334
0.425 0.12777777777777777
0.5433333333333333 0.12777777777777777
0.4166666666666667 0.15138888888888888
0.5483333333333333 0.15138888888888888
0.305 0.1736111111111111
0.6716666666666666 0.1736111111111111
0.18166666666666667 0.3263888888888889
0.09666666666666666 0.4513888888888889
0.065 0.5083333333333333
0.105 0.5347222222222222
0.12666666666666668 0.5277777777777778
0.13666666666666666 0.4652777777777778
0.25166666666666665 0.3638888888888889
0.3016666666666667 0.2916666666666667
0.32 0.33194444444444443
0.31 0.4027777777777778
0.315 0.44305555555555554
0.3 0.5791666666666667
0.3233333333333333 0.6930555555555555
0.33 0.8763888888888889
0.25666666666666665 0.9513888888888888
0.30833333333333335 0.9861111111111112
0.3933333333333333 0.9138888888888889
0.3933333333333333 0.8805555555555555
0.42333333333333334 0.7222222222222222
0.47833333333333333 0.5791666666666667
0.5166666666666667 0.7291666666666666
0.5433333333333333 0.8916666666666667
0.545 0.925
0.615 0.9944444444444445
0.6733333333333333 0.9708333333333333
0.61 0.8916666666666667
0.6216666666666667 0.7138888888888889
0.655 0.5763888888888888
0.645 0.4486111111111111
0.6533333333333333 0.4027777777777778
0.65 0.3333333333333333
0.6683333333333333 0.29305555555555557
0.7166666666666667 0.3680555555555556
0.83 0.4736111111111111
0.8316666666666667 0.5361111111111111
0.87 0.5361111111111111
0.895 0.5138888888888888
0.8733333333333333 0.4597222222222222
0.7883333333333333 0.33611111111111114
0.46 0.009722222222222222
0.44666666666666666 0.0125
0.43166666666666664 0.016666666666666666
0.4033333333333333 0.03611111111111111
0.4 0.05555555555555555
0.3983333333333333 0.08472222222222223
0.4033333333333333 0.09583333333333334
0.41833333333333333 0.11805555555555555
0.425 0.14027777777777778
0.40166666666666667 0.15555555555555556
0.3883333333333333 0.15694444444444444
0.37333333333333335 0.1597222222222222
0.36333333333333334 0.16111111111111112
0.3566666666666667 0.16111111111111112
0.34833333333333333 0.16111111111111112
0.33666666666666667 0.1625
0.3233333333333333 0.16527777777777777
0.29333333333333333 0.17916666666666667
0.2833333333333333 0.18611111111111112
0.275 0.19305555555555556
0.26666666666666666 0.2013888888888889
0.25833333333333336 0.20972222222222223
0.25166666666666665 0.21805555555555556
0.24666666666666667 0.22777777777777777
0.24166666666666667 0.2375
0.235 0.24722222222222223
0.22666666666666666 0.2569444444444444
0.22166666666666668 0.26805555555555555
0.21833333333333332 0.2763888888888889
0.21333333333333335 0.2875
0.20833333333333334 0.29583333333333334
0.20333333333333334 0.30416666666666664
0.195 0.3111111111111111
0.16833333333333333 0.3375
0.16 0.3472222222222222
0.15 0.3611111111111111
0.14333333333333334 0.37222222222222223
0.13666666666666666 0.3861111111111111
0.13 0.3972222222222222
0.12333333333333334 0.4083333333333333
0.11833333333333333 0.4166666666666667
0.115 0.4222222222222222
0.11 0.4305555555555556
0.10666666666666667 0.4388888888888889
0.10166666666666667 0.44305555555555554
0.09 0.4708333333333333
0.08166666666666667 0.4861111111111111
0.07333333333333333 0.49722222222222223
0.07333333333333333 0.5222222222222223
0.08166666666666667 0.5263888888888889
0.09 0.5319444444444444
0.11333333333333333 0.5388888888888889
0.125 0.5361111111111111
0.135 0.5152777777777777
0.14 0.4986111111111111
0.135 0.48333333333333334
0.14833333333333334 0.45555555555555555
0.15666666666666668 0.4486111111111111
0.17 0.4388888888888889
0.18 0.43194444444444446
0.19 0.425
0.2 0.4166666666666667
0.21166666666666667 0.4097222222222222
0.21833333333333332 0.4027777777777778
0.22833333333333333 0.39166666666666666
0.23833333333333334 0.3819444444444444
0.2633333333333333 0.35555555555555557
0.27166666666666667 0.3416666666666667
0.275 0.33194444444444443
0.28 0.3236111111111111
0.2866666666666667 0.31527777777777777
0.29333333333333333 0.30694444444444446
0.31166666666666665 0.30277777777777776
0.31666666666666665 0.30972222222222223
0.31833333333333336 0.32083333333333336
0.3233333333333333 0.34444444444444444
0.3233333333333333 0.35694444444444445
0.32 0.36527777777777776
0.31833333333333336 0.37222222222222223
0.31666666666666665 0.37916666666666665
0.315 0.3902777777777778
0.31166666666666665 0.4125
0.315 0.42777777777777776
0.30666666666666664 0.45694444444444443
0.30666666666666664 0.46944444444444444
0.305 0.48055555555555557
0.30333333333333334 0.4888888888888889
0.30333333333333334 0.49722222222222223
0.3016666666666667 0.5083333333333333
0.3016666666666667 0.5180555555555556
0.3016666666666667 0.5277777777777778
0.3 0.5402777777777777
0.3 0.5555555555555556
0.30333333333333334 0.5930555555555556
0.305 0.6055555555555555
0.30833333333333335 0.6166666666666667
0.31166666666666665 0.6305555555555555
0.31666666666666665 0.6416666666666667
0.31833333333333336 0.6527777777777778
0.32 0.6638888888888889
0.32166666666666666 0.6763888888888889
0.32 0.7069444444444445
0.315 0.7194444444444444
0.30833333333333335 0.7305555555555555
0.30666666666666664 0.7444444444444445
0.30666666666666664 0.7583333333333333
0.30666666666666664 0.7694444444444445
0.31 0.7833333333333333
0.315 0.7986111111111112
0.31833333333333336 0.8222222222222222
0.3233333333333333 0.85
0.3233333333333333 0.8944444444444445
0.31333333333333335 0.9055555555555556
0.30333333333333334 0.9152777777777777
0.2916666666666667 0.9236111111111112
0.275 0.9361111111111111
0.265 0.9680555555555556
0.2833333333333333 0.9819444444444444
0.33166666666666667 0.9722222222222222
0.34833333333333333 0.9541666666666667
0.36833333333333335 0.9361111111111111
0.39166666666666666 0.8986111111111111
0.3933333333333333 0.8666666666666667
0.3933333333333333 0.8541666666666666
0.4 0.8402777777777778
0.4033333333333333 0.8222222222222222
0.4066666666666667 0.8069444444444445
0.41 0.7930555555555555
0.415 0.7819444444444444
0.41833333333333333 0.7652777777777777
0.4216666666666667 0.7555555555555555
0.4216666666666667 0.7416666666666667
0.43166666666666664 0.7055555555555556
0.44 0.6944444444444444
0.445 0.6791666666666667
0.4483333333333333 0.6625
0.45 0.65
0.45166666666666666 0.6402777777777777
0.45666666666666667 0.6263888888888889
0.46 0.6152777777777778
0.4633333333333333 0.6055555555555555
0.4683333333333333 0.5958333333333333
0.49 0.5972222222222222
0.49 0.6083333333333333
0.49166666666666664 0.6208333333333333
0.49333333333333335 0.6347222222222222
0.495 0.6486111111111111
0.49833333333333335 0.6597222222222222
0.5016666666666667 0.6722222222222223
0.5033333333333333 0.6833333333333333
0.5066666666666667 0.6986111111111111
0.5133333333333333 0.7138888888888889
0.5166666666666667 0.7458333333333333
0.5166666666666667 0.7611111111111111
0.52 0.7777777777777778
0.5216666666666666 0.7916666666666666
0.5233333333333333 0.8027777777777778
0.53 0.8166666666666667
0.535 0.8277777777777777
0.5366666666666666 0.8416666666666667
0.5383333333333333 0.8527777777777777
0.54 0.8722222222222222
0.545 0.9083333333333333
0.5583333333333333 0.9402777777777778
0.575 0.9597222222222223
0.5916666666666667 0.9791666666666666
0.6483333333333333 0.9944444444444445
0.6666666666666666 0.9861111111111112
0.665 0.9555555555555556
0.655 0.9472222222222222
0.6383333333333333 0.9388888888888889
0.6266666666666667 0.9291666666666667
0.6166666666666667 0.9138888888888889
0.6166666666666667 0.8722222222222222
0.6216666666666667 0.8611111111111112
0.62 0.8472222222222222
0.6233333333333333 0.8277777777777777
0.6216666666666667 0.8138888888888889
0.6233333333333333 0.7972222222222223
0.6283333333333333 0.7791666666666667
0.63 0.7597222222222222
0.6283333333333333 0.7472222222222222
0.625 0.7333333333333333
0.6216666666666667 0.6972222222222222
0.6266666666666667 0.6791666666666667
0.63 0.6583333333333333
0.635 0.6402777777777777
0.6383333333333333 0.6263888888888889
0.6433333333333333 0.6138888888888889
0.6466666666666666 0.6027777777777777
0.6483333333333333 0.5902777777777778
0.6566666666666666 0.5625
0.6566666666666666 0.55
0.6566666666666666 0.5402777777777777
0.6616666666666666 0.5277777777777778
0.66 0.5152777777777777
0.6583333333333333 0.5
0.6566666666666666 0.49166666666666664
0.6566666666666666 0.48055555555555557
0.6566666666666666 0.4722222222222222
0.65 0.4625
0.645 0.4361111111111111
0.65 0.41805555555555557
0.65 0.3888888888888889
0.6466666666666666 0.3763888888888889
0.6416666666666667 0.36527777777777776
0.64 0.3541666666666667
0.6383333333333333 0.3486111111111111
0.6416666666666667 0.3416666666666667
0.6516666666666666 0.32083333333333336
0.6516666666666666 0.3111111111111111
0.6583333333333333 0.3013888888888889
0.6733333333333333 0.30833333333333335
0.6833333333333333 0.32083333333333336
0.6883333333333334 0.33194444444444443
0.6933333333333334 0.3402777777777778
0.6983333333333334 0.35138888888888886
0.7066666666666667 0.3611111111111111
0.7233333333333334 0.38333333333333336
0.7383333333333333 0.3972222222222222
0.75 0.40555555555555556
0.7583333333333333 0.4111111111111111
0.77 0.41805555555555557
0.78 0.42777777777777776
0.7916666666666666 0.4375
0.7983333333333333 0.44305555555555554
0.81 0.4486111111111111
0.82 0.4583333333333333
0.8266666666666667 0.4888888888888889
0.8216666666666667 0.5027777777777778
0.825 0.5194444444444445
0.845 0.5388888888888889
0.86 0.5388888888888889
0.8816666666666667 0.5291666666666667
0.885 0.5208333333333334
0.8933333333333333 0.5138888888888888
0.8833333333333333 0.5027777777777778
0.88 0.49027777777777776
0.875 0.475
0.8666666666666667 0.45
0.86 0.44305555555555554
0.8583333333333333 0.4361111111111111
0.855 0.42777777777777776
0.85 0.42083333333333334
0.845 0.4125
0.84 0.40555555555555556
0.8366666666666667 0.4
0.8316666666666667 0.3902777777777778
0.8283333333333334 0.3861111111111111
0.825 0.37777777777777777
0.815 0.3625
0.7816666666666666 0.3236111111111111
0.7716666666666666 0.31527777777777777
0.765 0.30694444444444446
0.7583333333333333 0.29583333333333334
0.75 0.2833333333333333
0.7466666666666667 0.26944444444444443
0.7433333333333333 0.2625
0.7383333333333333 0.25277777777777777
0.7333333333333333 0.24583333333333332
0.7266666666666667 0.23333333333333334
0.7233333333333334 0.22361111111111112
0.7183333333333334 0.21666666666666667
0.7133333333333334 0.20972222222222223
0.7083333333333334 0.2013888888888889
0.7016666666666667 0.19583333333333333
0.6916666666666667 0.1875
0.6616666666666666 0.17083333333333334
0.6483333333333333 0.16805555555555557
0.64 0.16527777777777777
0.6283333333333333 0.16527777777777777
0.6166666666666667 0.1625
0.605 0.1597222222222222
0.59 0.15833333333333333
0.5716666666666667 0.15694444444444444
0.545 0.14166666666666666
0.5483333333333333 0.11527777777777778
0.5583333333333333 0.09166666666666666
0.5566666666666666 0.07777777777777778
0.555 0.04861111111111111
0.55 0.03611111111111111
0.5283333333333333 0.016666666666666666
0.515 0.0125
0.495 0.008333333333333333
