335
0.52 0.0125
0.4633333333333333 0.03888888888888889
0.5716666666666667 0.0375
0.4583333333333333 0.08055555555555556
0.57 0.0763888888888889
0.4716666666666667 0.11805555555555555
0.5633333333333334 0.11527777777777778
0.47833333333333333 0.14027777777777778
0.5583333333333333 0.1375
0.465 0.16944444444444445
0.5716666666666667 0.16527777777777777
0.37833333333333335 0.1875
0.6533333333333333 0.18611111111111112
0.235 0.30694444444444446
0.095 0.4041666666666667
0.03833333333333333 0.4513888888888889
0.051666666666666666 0.4888888888888889
0.09 0.4736111111111111
0.115 0.4263888888888889
0.27666666666666667 0.3402777777777778
0.385 0.25833333333333336
0.4 0.31805555555555554
0.39166666666666666 0.4111111111111111
0.39 0.44583333333333336
0.3616666666666667 0.5583333333333333
0.37166666666666665 0.6972222222222222
0.38666666666666666 0.8875
0.35 0.9625
0.40166666666666667 0.9861111111111112
0.435 0.9180555555555555
0.435 0.8888888888888888
0.44 0.7097222222222223
0.5083333333333333 0.5625
0.5683333333333334 0.7083333333333334
0.5783333333333334 0.8902777777777777
0.575 0.9277777777777778
0.605 0.9875
0.6533333333333333 0.9694444444444444
0.6266666666666667 0.8916666666666667
0.6366666666666667 0.6944444444444444
0.6466666666666666 0.5611111111111111
0.6266666666666667 0.45416666666666666
0.6266666666666667 0.4111111111111111
0.6266666666666667 0.3138888888888889
0.6516666666666666 0.2569444444444444
0.775 0.35138888888888886
0.91 0.42777777777777776
0.9466666666666667 0.4791666666666667
0.9816666666666667 0.47638888888888886
0.9833333333333333 0.4527777777777778
0.93 0.4097222222222222
0.7966666666666666 0.3111111111111111
0.5033333333333333 0.02361111111111111
0.49 0.02638888888888889
0.475 0.029166666666666667
0.4633333333333333 0.05277777777777778
0.4583333333333333 0.06666666666666667
0.4633333333333333 0.09583333333333334
0.4666666666666667 0.10694444444444444
0.4766666666666667 0.12916666666666668
0.475 0.15555555555555556
0.45166666666666666 0.175
0.44166666666666665 0.17916666666666667
0.43 0.17916666666666667
0.42 0.18055555555555555
0.4066666666666667 0.18194444444444444
0.40166666666666667 0.18194444444444444
0.395 0.18333333333333332
0.3883333333333333 0.18333333333333332
0.36833333333333335 0.19305555555555556
0.365 0.19583333333333333
0.35833333333333334 0.1986111111111111
0.35 0.20833333333333334
0.3433333333333333 0.21388888888888888
0.33666666666666667 0.225
0.33 0.23194444444444445
0.325 0.24027777777777778
0.32 0.24583333333333332
0.31166666666666665 0.25277777777777777
0.30333333333333334 0.25833333333333336
0.2966666666666667 0.2638888888888889
0.29 0.2708333333333333
0.2783333333333333 0.2763888888888889
0.27 0.28194444444444444
0.255 0.2916666666666667
0.21833333333333332 0.3125
0.21 0.31805555555555554
0.19833333333333333 0.3236111111111111
0.19 0.32916666666666666
0.18166666666666667 0.33611111111111114
0.175 0.34444444444444444
0.16833333333333333 0.3527777777777778
0.15666666666666668 0.3638888888888889
0.14666666666666667 0.37222222222222223
0.13833333333333334 0.3763888888888889
0.13 0.3819444444444444
0.12 0.39166666666666666
0.08 0.41805555555555557
0.07 0.4263888888888889
0.058333333333333334 0.4375
0.03833333333333333 0.4652777777777778
0.04 0.4722222222222222
0.043333333333333335 0.4791666666666667
0.06666666666666667 0.49444444444444446
0.07833333333333334 0.4888888888888889
0.095 0.4625
0.09833333333333333 0.4513888888888889
0.105 0.4388888888888889
0.13166666666666665 0.41944444444444445
0.15 0.4125
0.16833333333333333 0.4041666666666667
0.18833333333333332 0.39444444444444443
0.20833333333333334 0.3875
0.22333333333333333 0.37916666666666665
0.23333333333333334 0.37083333333333335
0.24333333333333335 0.3638888888888889
0.255 0.35833333333333334
0.265 0.3527777777777778
0.3016666666666667 0.32916666666666666
0.31666666666666665 0.32222222222222224
0.3283333333333333 0.3125
0.345 0.3013888888888889
0.35833333333333334 0.2902777777777778
0.37166666666666665 0.2777777777777778
0.3933333333333333 0.2791666666666667
0.395 0.29305555555555557
0.3983333333333333 0.3055555555555556
0.3983333333333333 0.33055555555555555
0.4033333333333333 0.3486111111111111
0.4033333333333333 0.3597222222222222
0.4 0.37222222222222223
0.395 0.38333333333333336
0.38666666666666666 0.3972222222222222
0.38666666666666666 0.4263888888888889
0.3883333333333333 0.43472222222222223
0.38333333333333336 0.46111111111111114
0.375 0.475
0.37333333333333335 0.4861111111111111
0.37166666666666665 0.4986111111111111
0.36833333333333335 0.5055555555555555
0.36833333333333335 0.5152777777777777
0.36833333333333335 0.525
0.36666666666666664 0.5305555555555556
0.36333333333333334 0.5375
0.36333333333333334 0.5430555555555555
0.36333333333333334 0.5736111111111111
0.36333333333333334 0.5916666666666667
0.365 0.6083333333333333
0.36833333333333335 0.6291666666666667
0.37166666666666665 0.6458333333333334
0.37333333333333335 0.6625
0.375 0.6763888888888889
0.37333333333333335 0.6847222222222222
0.37166666666666665 0.7138888888888889
0.36333333333333334 0.7277777777777777
0.36333333333333334 0.75
0.365 0.7694444444444445
0.36833333333333335 0.7875
0.37166666666666665 0.8097222222222222
0.37833333333333335 0.8277777777777777
0.38333333333333336 0.8444444444444444
0.3883333333333333 0.8583333333333333
0.39 0.8736111111111111
0.38666666666666666 0.9111111111111111
0.38333333333333336 0.9208333333333333
0.375 0.9305555555555556
0.36833333333333335 0.9361111111111111
0.3566666666666667 0.9458333333333333
0.36 0.975
0.37666666666666665 0.9833333333333333
0.4166666666666667 0.9722222222222222
0.42333333333333334 0.9583333333333334
0.43166666666666664 0.9402777777777778
0.43333333333333335 0.9041666666666667
0.43333333333333335 0.8763888888888889
0.425 0.8625
0.4266666666666667 0.8472222222222222
0.43166666666666664 0.8277777777777777
0.43666666666666665 0.8138888888888889
0.44333333333333336 0.8
0.44666666666666666 0.7736111111111111
0.44666666666666666 0.7597222222222222
0.44333333333333336 0.7458333333333333
0.44166666666666665 0.7305555555555555
0.45 0.6958333333333333
0.455 0.6791666666666667
0.45666666666666667 0.6652777777777777
0.46 0.6472222222222223
0.46166666666666667 0.625
0.4683333333333333 0.6069444444444444
0.47333333333333333 0.5972222222222222
0.4766666666666667 0.5888888888888889
0.4816666666666667 0.5805555555555556
0.48833333333333334 0.5680555555555555
0.5283333333333333 0.5694444444444444
0.5333333333333333 0.5847222222222223
0.5383333333333333 0.6013888888888889
0.5433333333333333 0.6194444444444445
0.5466666666666666 0.6375
0.55 0.6486111111111111
0.5516666666666666 0.6652777777777777
0.5533333333333333 0.6805555555555556
0.565 0.6888888888888889
0.5666666666666667 0.6972222222222222
0.5683333333333334 0.7208333333333333
0.5666666666666667 0.7402777777777778
0.565 0.7541666666666667
0.5616666666666666 0.7666666666666667
0.5633333333333334 0.7861111111111111
0.5716666666666667 0.8069444444444445
0.5766666666666667 0.825
0.5833333333333334 0.8430555555555556
0.5833333333333334 0.8583333333333333
0.5783333333333334 0.8736111111111111
0.575 0.9111111111111111
0.5766666666666667 0.9430555555555555
0.5783333333333334 0.9569444444444445
0.5866666666666667 0.9694444444444444
0.6316666666666667 0.9888888888888889
0.6466666666666666 0.9791666666666666
0.6566666666666666 0.9541666666666667
0.6483333333333333 0.9458333333333333
0.6383333333333333 0.9347222222222222
0.6283333333333333 0.9236111111111112
0.6283333333333333 0.9055555555555556
0.6283333333333333 0.8777777777777778
0.6266666666666667 0.8625
0.635 0.8472222222222222
0.6366666666666667 0.8277777777777777
0.64 0.8097222222222222
0.6483333333333333 0.7833333333333333
0.6466666666666666 0.7513888888888889
0.645 0.7347222222222223
0.64 0.7125
0.6383333333333333 0.6722222222222223
0.6366666666666667 0.6583333333333333
0.6433333333333333 0.6347222222222222
0.6466666666666666 0.6208333333333333
0.6466666666666666 0.6013888888888889
0.6466666666666666 0.5902777777777778
0.6466666666666666 0.5791666666666667
0.6466666666666666 0.5680555555555555
0.645 0.5472222222222223
0.6466666666666666 0.5319444444444444
0.65 0.5166666666666667
0.6466666666666666 0.5041666666666667
0.6416666666666667 0.49166666666666664
0.6383333333333333 0.48055555555555557
0.6366666666666667 0.475
0.635 0.46944444444444444
0.635 0.4652777777777778
0.6333333333333333 0.4597222222222222
0.635 0.44166666666666665
0.635 0.42777777777777776
0.635 0.3958333333333333
0.6266666666666667 0.38333333333333336
0.6266666666666667 0.37222222222222223
0.6333333333333333 0.3541666666666667
0.6316666666666667 0.3416666666666667
0.6316666666666667 0.325
0.6366666666666667 0.30416666666666664
0.6366666666666667 0.28888888888888886
0.6433333333333333 0.2722222222222222
0.6633333333333333 0.2791666666666667
0.6816666666666666 0.2972222222222222
0.705 0.3125
0.73 0.325
0.745 0.3347222222222222
0.76 0.3458333333333333
0.7883333333333333 0.3638888888888889
0.8066666666666666 0.3736111111111111
0.83 0.3861111111111111
0.8416666666666667 0.39166666666666666
0.8516666666666667 0.39861111111111114
0.865 0.4041666666666667
0.8733333333333333 0.4097222222222222
0.885 0.41388888888888886
0.8916666666666667 0.4152777777777778
0.8983333333333333 0.42083333333333334
0.9166666666666666 0.44166666666666665
0.925 0.4527777777777778
0.9366666666666666 0.4638888888888889
0.9616666666666667 0.48055555555555557
0.9716666666666667 0.4791666666666667
0.9816666666666667 0.46805555555555556
0.9816666666666667 0.4652777777777778
0.9833333333333333 0.4583333333333333
0.9766666666666667 0.44166666666666665
0.965 0.4361111111111111
0.945 0.4263888888888889
0.9183333333333333 0.4013888888888889
0.9066666666666666 0.39166666666666666
0.895 0.38472222222222224
0.8833333333333333 0.375
0.8733333333333333 0.3680555555555556
0.8666666666666667 0.3611111111111111
0.86 0.35555555555555557
0.855 0.3486111111111111
0.8466666666666667 0.3402777777777778
0.84 0.3333333333333333
0.83 0.325
0.815 0.31527777777777777
0.785 0.30416666666666664
0.7783333333333333 0.29583333333333334
0.77 0.28888888888888886
0.76 0.28194444444444444
0.75 0.275
0.7416666666666667 0.26805555555555555
0.7333333333333333 0.2611111111111111
0.7216666666666667 0.25277777777777777
0.715 0.24305555555555555
0.7116666666666667 0.2361111111111111
0.705 0.22916666666666666
0.7016666666666667 0.22083333333333333
0.695 0.2152777777777778
0.69 0.20833333333333334
0.685 0.2013888888888889
0.6733333333333333 0.19305555555555556
0.6416666666666667 0.18333333333333332
0.6283333333333333 0.18055555555555555
0.62 0.17777777777777778
0.6116666666666667 0.175
0.6066666666666667 0.1736111111111111
0.6 0.17083333333333334
0.595 0.16805555555555557
0.585 0.16666666666666666
0.56 0.15416666666666667
0.5616666666666666 0.12222222222222222
0.5666666666666667 0.10277777777777777
0.57 0.08611111111111111
0.575 0.06527777777777778
0.5766666666666667 0.05138888888888889
0.5666666666666667 0.022222222222222223
0.5583333333333333 0.019444444444444445
0.5416666666666666 0.015277777777777777
