336
0.49333333333333335 0.009722222222222222
0.43166666666666664 0.02638888888888889
0.545 0.02638888888888889
0.4216666666666667 0.06527777777777778
0.5583333333333333 0.06388888888888888
0.4266666666666667 0.10138888888888889
0.5533333333333333 0.10416666666666667
0.44 0.12777777777777777
0.5383333333333333 0.12361111111111112
0.435 0.15833333333333333
0.545 0.15416666666666667
0.3283333333333333 0.18611111111111112
0.66 0.18472222222222223
0.19166666666666668 0.32916666666666666
0.09666666666666666 0.45416666666666666
0.058333333333333334 0.5083333333333333
0.105 0.5375
0.11666666666666667 0.5041666666666667
0.12666666666666668 0.4638888888888889
0.245 0.3680555555555556
0.34 0.28194444444444444
0.3516666666666667 0.31527777777777777
0.3333333333333333 0.4097222222222222
0.33166666666666667 0.44305555555555554
0.3233333333333333 0.5611111111111111
0.35333333333333333 0.7027777777777777
0.3616666666666667 0.8861111111111111
0.29333333333333333 0.9694444444444444
0.3416666666666667 0.9902777777777778
0.41 0.9222222222222223
0.4066666666666667 0.8861111111111111
0.43 0.7097222222222223
0.4716666666666667 0.5625
0.5316666666666666 0.7208333333333333
0.55 0.8944444444444445
0.55 0.9236111111111112
0.5866666666666667 0.9902777777777778
0.6433333333333333 0.9777777777777777
0.5983333333333334 0.8916666666666667
0.61 0.7041666666666667
0.6233333333333333 0.5583333333333333
0.6133333333333333 0.45555555555555555
0.6133333333333333 0.40694444444444444
0.6216666666666667 0.3111111111111111
0.6366666666666667 0.2708333333333333
0.7533333333333333 0.3736111111111111
0.8766666666666667 0.4625
0.905 0.5236111111111111
0.9416666666666667 0.5166666666666667
0.9566666666666667 0.4986111111111111
0.9116666666666666 0.45416666666666666
0.7883333333333333 0.32916666666666666
0.47833333333333333 0.008333333333333333
0.45666666666666667 0.013888888888888888
0.445 0.018055555555555554
0.42833333333333334 0.041666666666666664
0.4266666666666667 0.05138888888888889
0.42 0.0763888888888889
0.4216666666666667 0.08611111111111111
0.42833333333333334 0.1111111111111111
0.44333333333333336 0.14305555555555555
0.41833333333333333 0.1625
0.405 0.1638888888888889
0.395 0.16527777777777777
0.39 0.16666666666666666
0.38 0.16944444444444445
0.375 0.17083333333333334
0.365 0.17222222222222222
0.34833333333333333 0.1763888888888889
0.32 0.19444444444444445
0.30666666666666664 0.20277777777777778
0.295 0.21388888888888888
0.2916666666666667 0.22083333333333333
0.2866666666666667 0.23194444444444445
0.28 0.24166666666666667
0.27666666666666667 0.2513888888888889
0.27166666666666667 0.2611111111111111
0.26666666666666666 0.26805555555555555
0.26 0.275
0.25666666666666665 0.2791666666666667
0.25 0.2861111111111111
0.24333333333333335 0.2916666666666667
0.23666666666666666 0.2986111111111111
0.23 0.3055555555555556
0.21833333333333332 0.3138888888888889
0.17833333333333334 0.3458333333333333
0.17333333333333334 0.3527777777777778
0.165 0.3625
0.16 0.37222222222222223
0.15333333333333332 0.3819444444444444
0.145 0.39166666666666666
0.13666666666666666 0.4027777777777778
0.12833333333333333 0.4111111111111111
0.12333333333333334 0.42083333333333334
0.12 0.42777777777777776
0.11333333333333333 0.43472222222222223
0.105 0.44166666666666665
0.08833333333333333 0.46944444444444444
0.07833333333333334 0.48055555555555557
0.065 0.49583333333333335
0.07166666666666667 0.5222222222222223
0.08 0.5263888888888889
0.09166666666666666 0.5333333333333333
0.11333333333333333 0.5291666666666667
0.11333333333333333 0.5194444444444445
0.12333333333333334 0.49444444444444446
0.12333333333333334 0.4875
0.12166666666666667 0.47638888888888886
0.13833333333333334 0.45694444444444443
0.15 0.4486111111111111
0.16333333333333333 0.44027777777777777
0.17166666666666666 0.43472222222222223
0.185 0.425
0.19833333333333333 0.41388888888888886
0.215 0.40555555555555556
0.22333333333333333 0.3972222222222222
0.23333333333333334 0.3902777777777778
0.24 0.37777777777777777
0.2633333333333333 0.35833333333333334
0.275 0.34444444444444444
0.2833333333333333 0.3347222222222222
0.29333333333333333 0.325
0.30666666666666664 0.31527777777777777
0.31833333333333336 0.3
0.34833333333333333 0.2916666666666667
0.35 0.29583333333333334
0.35 0.30416666666666664
0.35 0.3277777777777778
0.35 0.3416666666666667
0.3566666666666667 0.3541666666666667
0.36 0.36666666666666664
0.35 0.37777777777777777
0.3416666666666667 0.39166666666666666
0.33666666666666667 0.41944444444444445
0.33666666666666667 0.4305555555555556
0.3283333333333333 0.45694444444444443
0.32666666666666666 0.46805555555555556
0.325 0.4861111111111111
0.32166666666666666 0.49722222222222223
0.32166666666666666 0.5055555555555555
0.32166666666666666 0.5125
0.32166666666666666 0.5194444444444445
0.3233333333333333 0.5291666666666667
0.3233333333333333 0.5361111111111111
0.325 0.5486111111111112
0.3233333333333333 0.5833333333333334
0.32666666666666666 0.6027777777777777
0.3333333333333333 0.6180555555555556
0.33666666666666667 0.6333333333333333
0.3433333333333333 0.65
0.3466666666666667 0.6625
0.3516666666666667 0.6736111111111112
0.35333333333333333 0.6902777777777778
0.345 0.7180555555555556
0.3333333333333333 0.7388888888888889
0.33166666666666667 0.7583333333333333
0.335 0.775
0.3383333333333333 0.7958333333333333
0.3433333333333333 0.8069444444444445
0.34833333333333333 0.8222222222222222
0.355 0.8361111111111111
0.3566666666666667 0.8513888888888889
0.35833333333333334 0.8666666666666667
0.35333333333333333 0.9055555555555556
0.345 0.9180555555555555
0.335 0.9291666666666667
0.325 0.9388888888888889
0.31166666666666665 0.95
0.305 0.9847222222222223
0.3233333333333333 0.9888888888888889
0.37166666666666665 0.9819444444444444
0.38 0.9638888888888889
0.3933333333333333 0.9472222222222222
0.4083333333333333 0.9013888888888889
0.4083333333333333 0.8736111111111111
0.4083333333333333 0.8541666666666666
0.415 0.8375
0.41833333333333333 0.8222222222222222
0.42333333333333334 0.8083333333333333
0.42833333333333334 0.7986111111111112
0.43333333333333335 0.7847222222222222
0.43666666666666665 0.7736111111111111
0.435 0.7527777777777778
0.43333333333333335 0.7375
0.445 0.6944444444444444
0.45166666666666666 0.6875
0.455 0.675
0.455 0.6611111111111111
0.45166666666666666 0.6430555555555556
0.45666666666666667 0.6236111111111111
0.46 0.6138888888888889
0.46166666666666667 0.6013888888888889
0.465 0.5916666666666667
0.4666666666666667 0.5805555555555556
0.4816666666666667 0.5833333333333334
0.485 0.5944444444444444
0.49 0.6069444444444444
0.49666666666666665 0.6222222222222222
0.5 0.6333333333333333
0.5033333333333333 0.6513888888888889
0.51 0.675
0.5166666666666667 0.6944444444444444
0.52 0.7069444444444445
0.525 0.7125
0.5233333333333333 0.7416666666666667
0.5266666666666666 0.7597222222222222
0.5283333333333333 0.7805555555555556
0.535 0.8
0.5383333333333333 0.8166666666666667
0.54 0.8319444444444445
0.5416666666666666 0.8444444444444444
0.545 0.8541666666666666
0.545 0.8666666666666667
0.5466666666666666 0.8777777777777778
0.5483333333333333 0.9083333333333333
0.5516666666666666 0.9388888888888889
0.5583333333333333 0.9597222222222223
0.565 0.9763888888888889
0.6116666666666667 0.9916666666666667
0.63 0.9861111111111112
0.6433333333333333 0.9583333333333334
0.6316666666666667 0.9472222222222222
0.6183333333333333 0.9361111111111111
0.6083333333333333 0.9263888888888889
0.605 0.9083333333333333
0.6 0.875
0.6016666666666667 0.8611111111111112
0.6033333333333334 0.8472222222222222
0.605 0.8319444444444445
0.6116666666666667 0.8125
0.6166666666666667 0.7930555555555555
0.6233333333333333 0.775
0.6266666666666667 0.7597222222222222
0.6216666666666667 0.7430555555555556
0.615 0.725
0.61 0.6833333333333333
0.61 0.6597222222222222
0.615 0.6430555555555556
0.62 0.625
0.62 0.6069444444444444
0.6216666666666667 0.5944444444444444
0.6216666666666667 0.5819444444444445
0.6216666666666667 0.5680555555555555
0.625 0.5416666666666666
0.63 0.5291666666666667
0.6333333333333333 0.5166666666666667
0.6316666666666667 0.5069444444444444
0.63 0.5
0.6233333333333333 0.4930555555555556
0.6183333333333333 0.48333333333333334
0.6166666666666667 0.47638888888888886
0.6166666666666667 0.4708333333333333
0.6166666666666667 0.4652777777777778
0.615 0.44027777777777777
0.6183333333333333 0.4236111111111111
0.6133333333333333 0.3888888888888889
0.6066666666666667 0.3763888888888889
0.6016666666666667 0.3597222222222222
0.605 0.35
0.61 0.3388888888888889
0.615 0.325
0.625 0.3013888888888889
0.6266666666666667 0.29305555555555557
0.6316666666666667 0.2861111111111111
0.6516666666666666 0.2875
0.6616666666666666 0.2986111111111111
0.6733333333333333 0.3125
0.6916666666666667 0.3263888888888889
0.7066666666666667 0.34444444444444444
0.725 0.3680555555555556
0.765 0.3888888888888889
0.775 0.3972222222222222
0.785 0.4013888888888889
0.7966666666666666 0.4083333333333333
0.8033333333333333 0.41805555555555557
0.815 0.42777777777777776
0.83 0.4361111111111111
0.845 0.44305555555555554
0.8516666666666667 0.44583333333333336
0.8616666666666667 0.45416666666666666
0.88 0.4777777777777778
0.885 0.49444444444444446
0.8916666666666667 0.5083333333333333
0.9183333333333333 0.5277777777777778
0.9283333333333333 0.5222222222222223
0.9433333333333334 0.5125
0.9466666666666667 0.5055555555555555
0.95 0.4986111111111111
0.9416666666666667 0.4861111111111111
0.9333333333333333 0.4777777777777778
0.925 0.46805555555555556
0.895 0.4444444444444444
0.8883333333333333 0.43472222222222223
0.8816666666666667 0.42083333333333334
0.8733333333333333 0.41388888888888886
0.8683333333333333 0.4083333333333333
0.8616666666666667 0.4027777777777778
0.855 0.39444444444444443
0.85 0.3875
0.8416666666666667 0.37777777777777777
0.835 0.3680555555555556
0.8266666666666667 0.3597222222222222
0.815 0.3472222222222222
0.7766666666666666 0.31805555555555554
0.7633333333333333 0.3111111111111111
0.755 0.3055555555555556
0.7483333333333333 0.2986111111111111
0.74 0.2916666666666667
0.7333333333333333 0.2861111111111111
0.7266666666666667 0.275
0.72 0.26805555555555555
0.715 0.25972222222222224
0.71 0.25277777777777777
0.7066666666666667 0.24444444444444444
0.7016666666666667 0.23472222222222222
0.6966666666666667 0.225
0.6933333333333334 0.21805555555555556
0.6883333333333334 0.2125
0.6766666666666666 0.2
0.6433333333333333 0.18472222222222223
0.625 0.17916666666666667
0.6066666666666667 0.17083333333333334
0.5933333333333334 0.16666666666666666
0.585 0.1597222222222222
0.5766666666666667 0.15833333333333333
0.57 0.15416666666666667
0.5583333333333333 0.1527777777777778
0.5383333333333333 0.14166666666666666
0.5433333333333333 0.11388888888888889
0.555 0.09166666666666666
0.5566666666666666 0.08194444444444444
0.555 0.04722222222222222
0.5516666666666666 0.0375
0.5316666666666666 0.020833333333333332
0.525 0.015277777777777777
0.51 0.011111111111111112
