336
0.4716666666666667 0.011111111111111112
0.39666666666666667 0.041666666666666664
0.5383333333333333 0.03611111111111111
0.4 0.07361111111111111
0.5383333333333333 0.07222222222222222
0.4066666666666667 0.10972222222222222
0.5333333333333333 0.10972222222222222
0.41833333333333333 0.13333333333333333
0.5283333333333333 0.13333333333333333
0.41333333333333333 0.1638888888888889
0.5333333333333333 0.16111111111111112
0.29333333333333333 0.20972222222222223
0.6583333333333333 0.19722222222222222
0.19 0.36527777777777776
0.09166666666666666 0.49583333333333335
0.056666666666666664 0.5527777777777778
0.09833333333333333 0.5791666666666667
0.13333333333333333 0.5569444444444445
0.13166666666666665 0.5069444444444444
0.25333333333333335 0.4013888888888889
0.325 0.30972222222222223
0.35 0.3402777777777778
0.33 0.4097222222222222
0.325 0.4486111111111111
0.31833333333333336 0.5847222222222223
0.345 0.7263888888888889
0.36833333333333335 0.9
0.32 0.9777777777777777
0.3883333333333333 0.9916666666666667
0.4266666666666667 0.9319444444444445
0.41833333333333333 0.8972222222222223
0.42333333333333334 0.7333333333333333
0.47333333333333333 0.5902777777777778
0.5233333333333333 0.7361111111111112
0.5366666666666666 0.8944444444444445
0.5366666666666666 0.9277777777777778
0.5866666666666667 0.9875
0.64 0.9722222222222222
0.5933333333333334 0.8916666666666667
0.6016666666666667 0.7194444444444444
0.63 0.5861111111111111
0.625 0.45416666666666666
0.6266666666666667 0.4083333333333333
0.62 0.33055555555555555
0.6316666666666667 0.2875
0.7016666666666667 0.3819444444444444
0.8283333333333334 0.5
0.8233333333333334 0.55
0.8683333333333333 0.55
0.8916666666666667 0.5333333333333333
0.8566666666666667 0.48194444444444445
0.75 0.34305555555555556
0.44333333333333336 0.011111111111111112
0.425 0.020833333333333332
0.41 0.030555555555555555
0.4 0.05555555555555555
0.40166666666666667 0.06111111111111111
0.4 0.08611111111111111
0.405 0.09722222222222222
0.41333333333333333 0.12083333333333333
0.4166666666666667 0.14722222222222223
0.3983333333333333 0.17083333333333334
0.3883333333333333 0.1736111111111111
0.37833333333333335 0.17777777777777778
0.365 0.18055555555555555
0.355 0.18888888888888888
0.345 0.19166666666666668
0.33166666666666667 0.19583333333333333
0.315 0.2
0.275 0.2222222222222222
0.26666666666666666 0.2375
0.25833333333333336 0.25416666666666665
0.255 0.26944444444444443
0.25166666666666665 0.2791666666666667
0.24666666666666667 0.2875
0.24166666666666667 0.29583333333333334
0.235 0.30416666666666664
0.22833333333333333 0.31527777777777777
0.22333333333333333 0.3263888888888889
0.22 0.32916666666666666
0.21833333333333332 0.3347222222222222
0.21333333333333335 0.3402777777777778
0.21 0.3458333333333333
0.20666666666666667 0.3486111111111111
0.19833333333333333 0.35555555555555557
0.175 0.37777777777777777
0.165 0.3902777777777778
0.15666666666666668 0.40555555555555556
0.14833333333333334 0.4166666666666667
0.14333333333333334 0.4236111111111111
0.13833333333333334 0.43472222222222223
0.13 0.4444444444444444
0.125 0.4513888888888889
0.12 0.4597222222222222
0.115 0.46805555555555556
0.11166666666666666 0.4736111111111111
0.10666666666666667 0.48194444444444445
0.08333333333333333 0.5166666666666667
0.075 0.5263888888888889
0.065 0.5388888888888889
0.07166666666666667 0.5694444444444444
0.07833333333333334 0.5722222222222222
0.09 0.5777777777777777
0.12 0.5805555555555556
0.13333333333333333 0.5736111111111111
0.13666666666666666 0.5458333333333333
0.13666666666666666 0.5347222222222222
0.13333333333333333 0.5208333333333334
0.14333333333333334 0.49166666666666664
0.15833333333333333 0.4861111111111111
0.17 0.4791666666666667
0.17833333333333334 0.4708333333333333
0.19 0.4625
0.2 0.45555555555555555
0.21 0.4486111111111111
0.22 0.4375
0.23166666666666666 0.4305555555555556
0.24 0.42083333333333334
0.2633333333333333 0.3888888888888889
0.2733333333333333 0.37222222222222223
0.2866666666666667 0.35694444444444445
0.2966666666666667 0.34444444444444444
0.30833333333333335 0.33194444444444443
0.31666666666666665 0.32222222222222224
0.3333333333333333 0.3194444444444444
0.33666666666666667 0.3236111111111111
0.3416666666666667 0.33611111111111114
0.34 0.3541666666666667
0.3416666666666667 0.3638888888888889
0.3416666666666667 0.3736111111111111
0.33666666666666667 0.3819444444444444
0.335 0.3902777777777778
0.3333333333333333 0.39861111111111114
0.33 0.4222222222222222
0.33 0.4361111111111111
0.32 0.46805555555555556
0.31833333333333336 0.4791666666666667
0.31166666666666665 0.49166666666666664
0.30833333333333335 0.5013888888888889
0.30666666666666664 0.5166666666666667
0.30333333333333334 0.5291666666666667
0.30666666666666664 0.5416666666666666
0.30833333333333335 0.5527777777777778
0.31166666666666665 0.5583333333333333
0.31666666666666665 0.5694444444444444
0.32166666666666666 0.6041666666666666
0.325 0.6236111111111111
0.3283333333333333 0.6333333333333333
0.33166666666666667 0.6472222222222223
0.335 0.6597222222222222
0.33666666666666667 0.6694444444444444
0.3383333333333333 0.6805555555555556
0.3416666666666667 0.6916666666666667
0.33166666666666667 0.7472222222222222
0.33 0.7638888888888888
0.33166666666666667 0.7833333333333333
0.335 0.7958333333333333
0.3383333333333333 0.8083333333333333
0.3433333333333333 0.8208333333333333
0.3516666666666667 0.8388888888888889
0.35833333333333334 0.8638888888888889
0.3616666666666667 0.875
0.36666666666666664 0.8847222222222222
0.365 0.9166666666666666
0.355 0.9319444444444445
0.3433333333333333 0.9444444444444444
0.33666666666666667 0.9541666666666667
0.32666666666666666 0.9638888888888889
0.33666666666666667 0.9888888888888889
0.36 0.9916666666666667
0.3983333333333333 0.9791666666666666
0.405 0.9652777777777778
0.415 0.95
0.42 0.9125
0.41833333333333333 0.8805555555555555
0.415 0.8666666666666667
0.4166666666666667 0.8513888888888889
0.41833333333333333 0.8361111111111111
0.42333333333333334 0.8208333333333333
0.42833333333333334 0.8055555555555556
0.43166666666666664 0.7902777777777777
0.42833333333333334 0.775
0.42833333333333334 0.7638888888888888
0.4266666666666667 0.7513888888888889
0.43333333333333335 0.7180555555555556
0.44333333333333336 0.7069444444444445
0.45 0.6888888888888889
0.45 0.6680555555555555
0.4483333333333333 0.6527777777777778
0.45166666666666666 0.6416666666666667
0.45666666666666667 0.6305555555555555
0.4583333333333333 0.6194444444444445
0.46 0.6111111111111112
0.46166666666666667 0.6013888888888889
0.485 0.6055555555555555
0.4866666666666667 0.6180555555555556
0.48833333333333334 0.6333333333333333
0.49166666666666664 0.6444444444444445
0.49833333333333335 0.6583333333333333
0.49833333333333335 0.6763888888888889
0.5 0.6916666666666667
0.5066666666666667 0.7013888888888888
0.5116666666666667 0.7125
0.5166666666666667 0.7222222222222222
0.5216666666666666 0.7541666666666667
0.5166666666666667 0.7722222222222223
0.52 0.7861111111111111
0.5233333333333333 0.7986111111111112
0.5266666666666666 0.8152777777777778
0.5333333333333333 0.8263888888888888
0.5383333333333333 0.8375
0.54 0.85
0.54 0.8625
0.54 0.8791666666666667
0.5366666666666666 0.9125
0.5466666666666666 0.9416666666666667
0.555 0.9611111111111111
0.5666666666666667 0.9791666666666666
0.61 0.9902777777777778
0.625 0.9833333333333333
0.635 0.9569444444444445
0.6233333333333333 0.9458333333333333
0.6133333333333333 0.9375
0.605 0.9277777777777778
0.6 0.9111111111111111
0.5966666666666667 0.8777777777777778
0.5966666666666667 0.8611111111111112
0.6 0.8458333333333333
0.6066666666666667 0.8305555555555556
0.6133333333333333 0.8166666666666667
0.615 0.8013888888888889
0.62 0.7847222222222222
0.6183333333333333 0.7666666666666667
0.61 0.7472222222222222
0.6066666666666667 0.7347222222222223
0.605 0.7041666666666667
0.605 0.6888888888888889
0.61 0.6708333333333333
0.6166666666666667 0.6555555555555556
0.6166666666666667 0.6416666666666667
0.62 0.6277777777777778
0.6216666666666667 0.6166666666666667
0.6216666666666667 0.6041666666666666
0.6333333333333333 0.5708333333333333
0.6416666666666667 0.5569444444444445
0.6433333333333333 0.5444444444444444
0.6433333333333333 0.5305555555555556
0.6433333333333333 0.5180555555555556
0.64 0.5055555555555555
0.6366666666666667 0.49166666666666664
0.6333333333333333 0.48333333333333334
0.6316666666666667 0.4722222222222222
0.6283333333333333 0.4625
0.6233333333333333 0.44027777777777777
0.625 0.4236111111111111
0.6233333333333333 0.39166666666666666
0.6216666666666667 0.37916666666666665
0.6166666666666667 0.3680555555555556
0.6166666666666667 0.35555555555555557
0.6216666666666667 0.3472222222222222
0.6233333333333333 0.3388888888888889
0.6216666666666667 0.31805555555555554
0.6216666666666667 0.30694444444444446
0.625 0.2972222222222222
0.6416666666666667 0.2986111111111111
0.655 0.31527777777777777
0.665 0.33611111111111114
0.6716666666666666 0.3541666666666667
0.68 0.36666666666666664
0.69 0.37916666666666665
0.71 0.3958333333333333
0.7233333333333334 0.4097222222222222
0.735 0.41944444444444445
0.7466666666666667 0.4263888888888889
0.755 0.43333333333333335
0.7616666666666667 0.4388888888888889
0.7716666666666666 0.4486111111111111
0.7816666666666666 0.45416666666666666
0.7916666666666666 0.46111111111111114
0.8066666666666666 0.47638888888888886
0.8166666666666667 0.5180555555555556
0.815 0.5277777777777778
0.8166666666666667 0.5388888888888889
0.8383333333333334 0.5541666666666667
0.8516666666666667 0.5541666666666667
0.8716666666666667 0.5458333333333333
0.8766666666666667 0.5402777777777777
0.8883333333333333 0.5361111111111111
0.8883333333333333 0.5208333333333334
0.8833333333333333 0.5125
0.8716666666666667 0.4986111111111111
0.8516666666666667 0.46944444444444444
0.8383333333333334 0.46111111111111114
0.8333333333333334 0.44722222222222224
0.8266666666666667 0.4361111111111111
0.8216666666666667 0.42777777777777776
0.8133333333333334 0.41805555555555557
0.8083333333333333 0.4083333333333333
0.8016666666666666 0.4
0.7933333333333333 0.3902777777777778
0.79 0.37916666666666665
0.78 0.36666666666666664
0.77 0.3541666666666667
0.745 0.3347222222222222
0.7383333333333333 0.32083333333333336
0.7316666666666667 0.30833333333333335
0.7266666666666667 0.2972222222222222
0.7216666666666667 0.2875
0.7133333333333334 0.28194444444444444
0.7066666666666667 0.2722222222222222
0.7016666666666667 0.25972222222222224
0.6983333333333334 0.25
0.695 0.24027777777777778
0.69 0.23333333333333334
0.6866666666666666 0.2263888888888889
0.6833333333333333 0.21805555555555556
0.6783333333333333 0.2111111111111111
0.6733333333333333 0.20694444444444443
0.6683333333333333 0.20277777777777778
0.6466666666666666 0.19027777777777777
0.6333333333333333 0.18611111111111112
0.6166666666666667 0.18333333333333332
0.6066666666666667 0.17916666666666667
0.5933333333333334 0.17777777777777778
0.5816666666666667 0.1736111111111111
0.5666666666666667 0.16944444444444445
0.555 0.16527777777777777
0.5283333333333333 0.15138888888888888
0.5283333333333333 0.11666666666666667
0.54 0.09722222222222222
0.5433333333333333 0.08472222222222223
0.5416666666666666 0.06111111111111111
0.5416666666666666 0.04722222222222222
0.5283333333333333 0.02361111111111111
0.52 0.015277777777777777
0.49833333333333335 0.011111111111111112
