333
0.47833333333333333 0.0125
0.42 0.03611111111111111
0.53 0.034722222222222224
0.415 0.06527777777777778
0.5366666666666666 0.06666666666666667
0.41833333333333333 0.09722222222222222
0.5283333333333333 0.09861111111111111
0.42333333333333334 0.11666666666666667
0.4166666666666667 0.1486111111111111
0.53 0.15138888888888888
0.3 0.18333333333333332
0.6466666666666666 0.1875
0.19166666666666668 0.3263888888888889
0.07666666666666666 0.45555555555555555
0.1 0.4638888888888889
0.023333333333333334 0.4986111111111111
0.03 0.5263888888888889
0.06666666666666667 0.5277777777777778
0.10166666666666667 0.4652777777777778
0.23833333333333334 0.3541666666666667
0.3233333333333333 0.25972222222222224
0.34 0.30833333333333335
0.335 0.4013888888888889
0.33 0.4305555555555556
0.29833333333333334 0.5513888888888889
0.325 0.6944444444444444
0.3016666666666667 0.8819444444444444
0.26666666666666666 0.9652777777777778
0.3233333333333333 0.9902777777777778
0.34833333333333333 0.9208333333333333
0.34833333333333333 0.8847222222222222
0.395 0.7194444444444444
0.4583333333333333 0.5527777777777778
0.5133333333333333 0.7236111111111111
0.5333333333333333 0.8972222222222223
0.53 0.9291666666666667
0.5633333333333334 0.9902777777777778
0.625 0.9708333333333333
0.58 0.8902777777777777
0.5883333333333334 0.7027777777777777
0.6083333333333333 0.55
0.59 0.4388888888888889
0.5883333333333334 0.39861111111111114
0.595 0.30694444444444446
0.6166666666666667 0.2638888888888889
0.7116666666666667 0.3541666666666667
0.855 0.4638888888888889
0.8716666666666667 0.5152777777777777
0.9166666666666666 0.5333333333333333
0.9283333333333333 0.5055555555555555
0.8783333333333333 0.45
0.7583333333333333 0.3277777777777778
0.46166666666666667 0.011111111111111112
0.44166666666666665 0.015277777777777777
0.43 0.020833333333333332
0.4166666666666667 0.044444444444444446
0.415 0.05416666666666667
0.415 0.07222222222222222
0.4166666666666667 0.08333333333333333
0.4216666666666667 0.10277777777777777
0.42333333333333334 0.13194444444444445
0.3983333333333333 0.15416666666666667
0.385 0.15833333333333333
0.375 0.1597222222222222
0.36666666666666664 0.16111111111111112
0.35833333333333334 0.1625
0.34833333333333333 0.16666666666666666
0.34 0.16805555555555557
0.3233333333333333 0.1736111111111111
0.28833333333333333 0.19166666666666668
0.2783333333333333 0.19722222222222222
0.27 0.20416666666666666
0.2633333333333333 0.2152777777777778
0.25833333333333336 0.22361111111111112
0.25166666666666665 0.23194444444444445
0.25 0.24166666666666667
0.24666666666666667 0.25277777777777777
0.24166666666666667 0.25833333333333336
0.235 0.26805555555555555
0.23166666666666666 0.27361111111111114
0.22666666666666666 0.2777777777777778
0.22333333333333333 0.2833333333333333
0.22 0.2875
0.215 0.29444444444444445
0.20666666666666667 0.3055555555555556
0.17333333333333334 0.3333333333333333
0.16666666666666666 0.3388888888888889
0.15833333333333333 0.3472222222222222
0.15 0.35555555555555557
0.14333333333333334 0.3625
0.13666666666666666 0.375
0.13 0.3819444444444444
0.125 0.3902777777777778
0.12 0.4
0.11333333333333333 0.4097222222222222
0.105 0.41944444444444445
0.09333333333333334 0.43333333333333335
0.065 0.4666666666666667
0.056666666666666664 0.475
0.043333333333333335 0.48333333333333334
0.021666666666666667 0.5083333333333333
0.023333333333333334 0.5138888888888888
0.02666666666666667 0.5194444444444445
0.04 0.5263888888888889
0.05333333333333334 0.5263888888888889
0.075 0.5166666666666667
0.08833333333333333 0.49722222222222223
0.09166666666666666 0.48055555555555557
0.11333333333333333 0.45555555555555555
0.12166666666666667 0.44722222222222224
0.13833333333333334 0.4361111111111111
0.14833333333333334 0.4263888888888889
0.16 0.41805555555555557
0.175 0.40694444444444444
0.185 0.3972222222222222
0.2 0.3875
0.21 0.38055555555555554
0.22166666666666668 0.37222222222222223
0.24666666666666667 0.3375
0.26166666666666666 0.3236111111111111
0.27166666666666667 0.3138888888888889
0.28 0.30416666666666664
0.2866666666666667 0.2972222222222222
0.30333333333333334 0.2847222222222222
0.3233333333333333 0.2763888888888889
0.325 0.28055555555555556
0.3283333333333333 0.2916666666666667
0.34 0.325
0.34 0.3388888888888889
0.345 0.3541666666666667
0.3416666666666667 0.3638888888888889
0.3383333333333333 0.3736111111111111
0.335 0.3861111111111111
0.3333333333333333 0.41388888888888886
0.3333333333333333 0.4236111111111111
0.325 0.44305555555555554
0.3233333333333333 0.45
0.32 0.4597222222222222
0.31666666666666665 0.4722222222222222
0.31333333333333335 0.48194444444444445
0.31166666666666665 0.49166666666666664
0.30666666666666664 0.5041666666666667
0.305 0.5097222222222222
0.3016666666666667 0.5180555555555556
0.3 0.5319444444444444
0.29833333333333334 0.5722222222222222
0.3016666666666667 0.5861111111111111
0.305 0.6
0.30833333333333335 0.6138888888888889
0.31333333333333335 0.625
0.31833333333333336 0.6430555555555556
0.325 0.6638888888888889
0.325 0.6763888888888889
0.315 0.7097222222222223
0.31 0.7263888888888889
0.3 0.7430555555555556
0.2966666666666667 0.7597222222222222
0.29833333333333334 0.7763888888888889
0.29833333333333334 0.7916666666666666
0.29833333333333334 0.8097222222222222
0.29833333333333334 0.8236111111111111
0.29833333333333334 0.8375
0.3 0.8625
0.29833333333333334 0.9013888888888889
0.2966666666666667 0.9194444444444444
0.28833333333333333 0.9319444444444445
0.2833333333333333 0.9388888888888889
0.275 0.9513888888888888
0.2733333333333333 0.9833333333333333
0.3 0.9902777777777778
0.3383333333333333 0.9722222222222222
0.3433333333333333 0.9569444444444445
0.345 0.9430555555555555
0.34833333333333333 0.9041666666666667
0.345 0.8708333333333333
0.3466666666666667 0.8541666666666666
0.355 0.8375
0.36 0.8263888888888888
0.36666666666666664 0.8125
0.37333333333333335 0.7958333333333333
0.38 0.7833333333333333
0.38166666666666665 0.7638888888888888
0.38666666666666666 0.75
0.3883333333333333 0.7347222222222223
0.405 0.7083333333333334
0.41 0.6986111111111111
0.41333333333333333 0.6833333333333333
0.41333333333333333 0.6666666666666666
0.41833333333333333 0.6486111111111111
0.4216666666666667 0.6375
0.43 0.625
0.435 0.6055555555555555
0.43833333333333335 0.5944444444444444
0.44166666666666665 0.5736111111111111
0.47333333333333333 0.5736111111111111
0.4766666666666667 0.5930555555555556
0.4816666666666667 0.6069444444444444
0.485 0.6236111111111111
0.48833333333333334 0.6361111111111111
0.49166666666666664 0.65
0.49333333333333335 0.6611111111111111
0.49666666666666665 0.6722222222222223
0.49666666666666665 0.6861111111111111
0.5016666666666667 0.7083333333333334
0.5133333333333333 0.7430555555555556
0.5116666666666667 0.7555555555555555
0.5116666666666667 0.7694444444444445
0.515 0.7875
0.5183333333333333 0.8041666666666667
0.5233333333333333 0.8180555555555555
0.5266666666666666 0.8361111111111111
0.5283333333333333 0.85
0.5316666666666666 0.8611111111111112
0.5316666666666666 0.875
0.53 0.9097222222222222
0.54 0.9458333333333333
0.545 0.9611111111111111
0.5516666666666666 0.975
0.5866666666666667 0.9930555555555556
0.6066666666666667 0.9861111111111112
0.6133333333333333 0.9541666666666667
0.6016666666666667 0.9458333333333333
0.5933333333333334 0.9375
0.59 0.9263888888888889
0.5866666666666667 0.9083333333333333
0.5816666666666667 0.875
0.585 0.8597222222222223
0.5866666666666667 0.8486111111111111
0.5916666666666667 0.8319444444444445
0.595 0.8180555555555555
0.5966666666666667 0.8013888888888889
0.6 0.7875
0.6033333333333334 0.7722222222222223
0.6 0.7597222222222222
0.595 0.7361111111111112
0.59 0.6833333333333333
0.5866666666666667 0.6666666666666666
0.595 0.6444444444444445
0.6016666666666667 0.6236111111111111
0.605 0.6055555555555555
0.605 0.5916666666666667
0.61 0.5763888888888888
0.61 0.5625
0.6133333333333333 0.5305555555555556
0.6083333333333333 0.5180555555555556
0.6066666666666667 0.5055555555555555
0.605 0.49583333333333335
0.605 0.4875
0.6016666666666667 0.4777777777777778
0.6 0.46805555555555556
0.5966666666666667 0.45555555555555555
0.5983333333333334 0.4513888888888889
0.5933333333333334 0.44583333333333336
0.5883333333333334 0.4305555555555556
0.5866666666666667 0.4166666666666667
0.5883333333333334 0.38333333333333336
0.585 0.36666666666666664
0.5883333333333334 0.35138888888888886
0.5933333333333334 0.33611111111111114
0.5983333333333334 0.325
0.5933333333333334 0.31527777777777777
0.6016666666666667 0.29583333333333334
0.6066666666666667 0.2847222222222222
0.6066666666666667 0.275
0.6316666666666667 0.2763888888888889
0.645 0.2902777777777778
0.655 0.30416666666666664
0.665 0.3138888888888889
0.6766666666666666 0.325
0.6916666666666667 0.3388888888888889
0.7183333333333334 0.36944444444444446
0.735 0.3819444444444444
0.75 0.39305555555555555
0.7616666666666667 0.4027777777777778
0.7766666666666666 0.41388888888888886
0.7933333333333333 0.4222222222222222
0.8116666666666666 0.4305555555555556
0.8216666666666667 0.4388888888888889
0.835 0.44583333333333336
0.8433333333333334 0.4527777777777778
0.86 0.4847222222222222
0.8583333333333333 0.4930555555555556
0.865 0.5041666666666667
0.8833333333333333 0.5319444444444444
0.91 0.5277777777777778
0.92 0.4888888888888889
0.9083333333333333 0.48055555555555557
0.8933333333333333 0.46805555555555556
0.8666666666666667 0.4375
0.8583333333333333 0.42777777777777776
0.85 0.41944444444444445
0.84 0.4111111111111111
0.8316666666666667 0.4013888888888889
0.825 0.3888888888888889
0.8133333333333334 0.37916666666666665
0.8066666666666666 0.3680555555555556
0.8016666666666666 0.3611111111111111
0.795 0.3541666666666667
0.7916666666666666 0.3472222222222222
0.7783333333333333 0.3375
0.7516666666666667 0.31666666666666665
0.7416666666666667 0.30833333333333335
0.735 0.3
0.7283333333333334 0.2902777777777778
0.7183333333333334 0.28055555555555556
0.7116666666666667 0.2722222222222222
0.705 0.26666666666666666
0.7 0.25972222222222224
0.6966666666666667 0.25
0.695 0.24305555555555555
0.69 0.23333333333333334
0.6866666666666666 0.2263888888888889
0.6816666666666666 0.21666666666666667
0.6766666666666666 0.20833333333333334
0.6716666666666666 0.20416666666666666
0.6633333333333333 0.19583333333333333
0.635 0.18333333333333332
0.6216666666666667 0.17777777777777778
0.6083333333333333 0.17222222222222222
0.595 0.16666666666666666
0.585 0.16527777777777777
0.5716666666666667 0.16111111111111112
0.5616666666666666 0.1597222222222222
0.55 0.15555555555555556
0.52 0.1361111111111111
0.525 0.10833333333333334
0.5316666666666666 0.08888888888888889
0.5366666666666666 0.07916666666666666
0.54 0.05555555555555555
0.5383333333333333 0.04722222222222222
0.5266666666666666 0.025
0.515 0.019444444444444445
0.5016666666666667 0.016666666666666666
