335
0.56 0.015277777777777777
0.47333333333333333 0.03888888888888889
0.635 0.041666666666666664
0.4583333333333333 0.07777777777777778
0.6366666666666667 0.08194444444444444
0.46 0.11666666666666667
0.6183333333333333 0.12083333333333333
0.47 0.1361111111111111
0.6016666666666667 0.14166666666666666
0.4533333333333333 0.15416666666666667
0.62 0.16111111111111112
0.30666666666666664 0.18055555555555555
0.7616666666666667 0.18055555555555555
0.21 0.33055555555555555
0.12666666666666668 0.4666666666666667
0.095 0.5333333333333333
0.13833333333333334 0.5555555555555556
0.17 0.5333333333333333
0.16833333333333333 0.4736111111111111
0.26666666666666666 0.375
0.325 0.2611111111111111
0.36 0.32916666666666666
0.35833333333333334 0.3888888888888889
0.3433333333333333 0.4152777777777778
0.3 0.5361111111111111
0.32666666666666666 0.6888888888888889
0.35333333333333333 0.8930555555555556
0.28 0.9625
0.3516666666666667 0.9861111111111112
0.42333333333333334 0.9263888888888889
0.42333333333333334 0.8777777777777778
0.425 0.7111111111111111
0.5183333333333333 0.5402777777777777
0.6133333333333333 0.6972222222222222
0.635 0.8777777777777778
0.6316666666666667 0.9125
0.6933333333333334 0.9847222222222223
0.775 0.9652777777777778
0.695 0.8833333333333333
0.7216666666666667 0.6819444444444445
0.7366666666666667 0.5208333333333334
0.6916666666666667 0.4222222222222222
0.6766666666666666 0.3888888888888889
0.6866666666666666 0.31805555555555554
0.7116666666666667 0.2638888888888889
0.775 0.3638888888888889
0.8933333333333333 0.4791666666666667
0.91 0.5486111111111112
0.9466666666666667 0.5444444444444444
0.9633333333333334 0.5236111111111111
0.9266666666666666 0.4652777777777778
0.8516666666666667 0.34305555555555556
0.535 0.016666666666666666
0.5116666666666667 0.02361111111111111
0.495 0.029166666666666667
0.4666666666666667 0.05416666666666667
0.4633333333333333 0.06666666666666667
0.455 0.08888888888888889
0.455 0.10277777777777777
0.465 0.12777777777777777
0.4633333333333333 0.14583333333333334
0.43166666666666664 0.15833333333333333
0.41333333333333333 0.1597222222222222
0.40166666666666667 0.1597222222222222
0.3883333333333333 0.16111111111111112
0.37333333333333335 0.1638888888888889
0.36 0.16805555555555557
0.3433333333333333 0.16944444444444445
0.3233333333333333 0.1736111111111111
0.2833333333333333 0.18472222222222223
0.27 0.19444444444444445
0.26 0.20833333333333334
0.24666666666666667 0.2222222222222222
0.24 0.23194444444444445
0.235 0.24166666666666667
0.23333333333333334 0.24861111111111112
0.23166666666666666 0.25833333333333336
0.23 0.2625
0.22666666666666666 0.27361111111111114
0.225 0.2791666666666667
0.22166666666666668 0.28888888888888886
0.22 0.2986111111111111
0.21833333333333332 0.30416666666666664
0.215 0.30972222222222223
0.21333333333333335 0.3194444444444444
0.2 0.3416666666666667
0.18833333333333332 0.35
0.17833333333333334 0.3611111111111111
0.17166666666666666 0.36944444444444446
0.16333333333333333 0.38055555555555554
0.16 0.3888888888888889
0.155 0.4041666666666667
0.15 0.41805555555555557
0.14666666666666667 0.4305555555555556
0.14333333333333334 0.4375
0.14 0.4444444444444444
0.135 0.45555555555555555
0.11833333333333333 0.48333333333333334
0.115 0.5013888888888889
0.105 0.5138888888888888
0.10666666666666667 0.5458333333333333
0.115 0.5486111111111112
0.12833333333333333 0.5527777777777778
0.15333333333333332 0.5527777777777778
0.16666666666666666 0.5458333333333333
0.17166666666666666 0.5208333333333334
0.16833333333333333 0.5097222222222222
0.16166666666666665 0.49583333333333335
0.185 0.4583333333333333
0.195 0.4486111111111111
0.205 0.4388888888888889
0.21833333333333332 0.4263888888888889
0.23166666666666666 0.41388888888888886
0.24333333333333335 0.40555555555555556
0.25333333333333335 0.39444444444444443
0.26 0.3888888888888889
0.26 0.3875
0.265 0.38333333333333336
0.2783333333333333 0.3625
0.2833333333333333 0.3458333333333333
0.29 0.3333333333333333
0.3 0.3125
0.305 0.3
0.31666666666666665 0.2875
0.335 0.28055555555555556
0.3416666666666667 0.29583333333333334
0.35333333333333333 0.32083333333333336
0.36 0.33194444444444443
0.36 0.3458333333333333
0.36 0.3541666666666667
0.36 0.36527777777777776
0.35833333333333334 0.37777777777777777
0.35333333333333333 0.39861111111111114
0.3516666666666667 0.40694444444444444
0.33666666666666667 0.425
0.32666666666666666 0.43333333333333335
0.32166666666666666 0.44722222222222224
0.31666666666666665 0.4597222222222222
0.31333333333333335 0.4708333333333333
0.30666666666666664 0.48055555555555557
0.305 0.49444444444444446
0.305 0.5027777777777778
0.3016666666666667 0.5125
0.3 0.5222222222222223
0.2966666666666667 0.5513888888888889
0.29833333333333334 0.5652777777777778
0.30333333333333334 0.5805555555555556
0.30833333333333335 0.6041666666666666
0.31666666666666665 0.6208333333333333
0.32166666666666666 0.6402777777777777
0.32166666666666666 0.6555555555555556
0.32166666666666666 0.6722222222222223
0.32166666666666666 0.7069444444444445
0.31333333333333335 0.7222222222222222
0.31 0.7416666666666667
0.31166666666666665 0.7583333333333333
0.31333333333333335 0.7777777777777778
0.32166666666666666 0.8
0.3283333333333333 0.8180555555555555
0.33666666666666667 0.8388888888888889
0.34 0.8513888888888889
0.345 0.8680555555555556
0.3466666666666667 0.9138888888888889
0.335 0.9180555555555555
0.32666666666666666 0.9277777777777778
0.31833333333333336 0.9333333333333333
0.3016666666666667 0.9430555555555555
0.29333333333333333 0.975
0.315 0.9819444444444444
0.385 0.9736111111111111
0.3983333333333333 0.9597222222222223
0.41 0.9444444444444444
0.4266666666666667 0.8986111111111111
0.4216666666666667 0.8611111111111112
0.42 0.8458333333333333
0.425 0.8347222222222223
0.425 0.8236111111111111
0.4266666666666667 0.8083333333333333
0.43 0.7902777777777777
0.43166666666666664 0.7694444444444445
0.43333333333333335 0.7527777777777778
0.43166666666666664 0.7416666666666667
0.4266666666666667 0.725
0.445 0.6930555555555555
0.4533333333333333 0.6777777777777778
0.455 0.6555555555555556
0.46 0.6361111111111111
0.465 0.6208333333333333
0.47 0.6083333333333333
0.4766666666666667 0.5972222222222222
0.485 0.5861111111111111
0.49166666666666664 0.5736111111111111
0.495 0.5597222222222222
0.5416666666666666 0.5527777777777778
0.5516666666666666 0.5722222222222222
0.5616666666666666 0.5833333333333334
0.5716666666666667 0.6
0.5783333333333334 0.6138888888888889
0.585 0.6305555555555555
0.5866666666666667 0.6458333333333334
0.5916666666666667 0.6611111111111111
0.5983333333333334 0.6736111111111112
0.605 0.6847222222222222
0.6216666666666667 0.7222222222222222
0.6233333333333333 0.7402777777777778
0.625 0.7583333333333333
0.6266666666666667 0.7847222222222222
0.635 0.8069444444444445
0.635 0.8194444444444444
0.635 0.8305555555555556
0.6366666666666667 0.8416666666666667
0.6366666666666667 0.8513888888888889
0.635 0.8638888888888889
0.635 0.8944444444444445
0.645 0.9277777777777778
0.6533333333333333 0.9430555555555555
0.67 0.9708333333333333
0.7233333333333334 0.9902777777777778
0.7566666666666667 0.9791666666666666
0.765 0.9486111111111111
0.7516666666666667 0.9416666666666667
0.7366666666666667 0.9333333333333333
0.7166666666666667 0.9208333333333333
0.7083333333333334 0.9055555555555556
0.7033333333333334 0.8638888888888889
0.7116666666666667 0.8430555555555556
0.7166666666666667 0.8236111111111111
0.7283333333333334 0.8013888888888889
0.7333333333333333 0.7819444444444444
0.7333333333333333 0.7583333333333333
0.7316666666666667 0.7388888888888889
0.7316666666666667 0.7277777777777777
0.7283333333333334 0.7138888888888889
0.7266666666666667 0.6958333333333333
0.7283333333333334 0.6569444444444444
0.7233333333333334 0.6375
0.7266666666666667 0.6194444444444445
0.7333333333333333 0.6
0.7366666666666667 0.5791666666666667
0.7366666666666667 0.5638888888888889
0.7366666666666667 0.5486111111111112
0.735 0.5361111111111111
0.725 0.5
0.7233333333333334 0.49166666666666664
0.7233333333333334 0.48333333333333334
0.7233333333333334 0.47638888888888886
0.7233333333333334 0.4708333333333333
0.7216666666666667 0.4638888888888889
0.72 0.4583333333333333
0.7166666666666667 0.44722222222222224
0.7133333333333334 0.44027777777777777
0.705 0.43472222222222223
0.69 0.4125
0.6866666666666666 0.4013888888888889
0.68 0.37916666666666665
0.68 0.37083333333333335
0.6816666666666666 0.3597222222222222
0.6833333333333333 0.3458333333333333
0.685 0.3388888888888889
0.6883333333333334 0.3277777777777778
0.69 0.30277777777777776
0.6966666666666667 0.29305555555555557
0.7033333333333334 0.2791666666666667
0.725 0.28194444444444444
0.74 0.29583333333333334
0.745 0.3125
0.75 0.32083333333333336
0.7566666666666667 0.33055555555555555
0.7633333333333333 0.34444444444444444
0.785 0.3819444444444444
0.7983333333333333 0.39444444444444443
0.8166666666666667 0.40694444444444444
0.8283333333333334 0.4166666666666667
0.8416666666666667 0.42777777777777776
0.8516666666666667 0.4375
0.8616666666666667 0.4444444444444444
0.8666666666666667 0.4513888888888889
0.875 0.4597222222222222
0.8816666666666667 0.4666666666666667
0.8933333333333333 0.4930555555555556
0.89 0.5097222222222222
0.9016666666666666 0.5291666666666667
0.9216666666666666 0.55
0.9366666666666666 0.5486111111111112
0.95 0.5402777777777777
0.9533333333333334 0.5375
0.9633333333333334 0.5291666666666667
0.9566666666666667 0.5125
0.9433333333333334 0.49722222222222223
0.9366666666666666 0.48333333333333334
0.92 0.4513888888888889
0.915 0.44027777777777777
0.9066666666666666 0.42916666666666664
0.9016666666666666 0.41944444444444445
0.8966666666666666 0.4097222222222222
0.8933333333333333 0.39861111111111114
0.89 0.39166666666666666
0.8866666666666667 0.3819444444444444
0.88 0.37222222222222223
0.8733333333333333 0.36527777777777776
0.8716666666666667 0.3597222222222222
0.8616666666666667 0.35138888888888886
0.8466666666666667 0.33194444444444443
0.8383333333333334 0.3236111111111111
0.8316666666666667 0.30972222222222223
0.8283333333333334 0.3
0.8233333333333334 0.2875
0.8216666666666667 0.2791666666666667
0.82 0.26944444444444443
0.8166666666666667 0.2611111111111111
0.815 0.25277777777777777
0.8116666666666666 0.24166666666666667
0.8083333333333333 0.23055555555555557
0.805 0.2222222222222222
0.7983333333333333 0.21388888888888888
0.7933333333333333 0.20555555555555555
0.7883333333333333 0.19722222222222222
0.775 0.18888888888888888
0.7466666666666667 0.17916666666666667
0.7333333333333333 0.175
0.72 0.17222222222222222
0.705 0.17083333333333334
0.69 0.16944444444444445
0.6783333333333333 0.16944444444444445
0.6633333333333333 0.16527777777777777
0.645 0.1638888888888889
0.61 0.15555555555555556
0.61 0.13055555555555556
0.6266666666666667 0.10833333333333334
0.635 0.09583333333333334
0.64 0.07222222222222222
0.64 0.05555555555555555
0.625 0.03333333333333333
0.61 0.022222222222222223
0.5866666666666667 0.016666666666666666
