336
0.5066666666666667 0.009722222222222222
0.4266666666666667 0.03888888888888889
0.5733333333333334 0.03333333333333333
0.43666666666666665 0.08611111111111111
0.5833333333333334 0.08333333333333333
0.44166666666666665 0.1125
0.575 0.10972222222222222
0.4533333333333333 0.14166666666666666
0.5666666666666667 0.1375
0.4483333333333333 0.15694444444444444
0.5766666666666667 0.15555555555555556
0.325 0.18194444444444444
0.6816666666666666 0.17777777777777778
0.21166666666666667 0.31527777777777777
0.1 0.4444444444444444
0.04833333333333333 0.4986111111111111
0.08166666666666667 0.5180555555555556
0.115 0.5041666666666667
0.125 0.4583333333333333
0.25666666666666665 0.3638888888888889
0.335 0.2652777777777778
0.355 0.32222222222222224
0.34833333333333333 0.39861111111111114
0.35 0.4375
0.31666666666666665 0.5402777777777777
0.34 0.7013888888888888
0.33 0.8972222222222223
0.25833333333333336 0.9569444444444445
0.32 0.9847222222222223
0.37333333333333335 0.9319444444444445
0.38166666666666665 0.8972222222222223
0.43333333333333335 0.7166666666666667
0.49666666666666665 0.5527777777777778
0.5566666666666666 0.7125
0.5933333333333334 0.8944444444444445
0.5933333333333334 0.9222222222222223
0.695 0.9944444444444445
0.745 0.9666666666666667
0.6533333333333333 0.8944444444444445
0.6466666666666666 0.7125
0.67 0.5416666666666666
0.65 0.44305555555555554
0.65 0.4013888888888889
0.6466666666666666 0.32222222222222224
0.6716666666666666 0.2611111111111111
0.755 0.35555555555555557
0.8766666666666667 0.46944444444444444
0.88 0.5263888888888889
0.9266666666666666 0.5444444444444444
0.955 0.5180555555555556
0.9016666666666666 0.45555555555555555
0.7983333333333333 0.32083333333333336
0.475 0.009722222222222222
0.45666666666666667 0.016666666666666666
0.44333333333333336 0.02638888888888889
0.4266666666666667 0.059722222222222225
0.43333333333333335 0.07083333333333333
0.44 0.09861111111111111
0.44333333333333336 0.11388888888888889
0.45666666666666667 0.13194444444444445
0.455 0.15
0.425 0.1625
0.41 0.1638888888888889
0.395 0.16666666666666666
0.38333333333333336 0.16805555555555557
0.37 0.17083333333333334
0.3566666666666667 0.17083333333333334
0.3466666666666667 0.17222222222222222
0.33666666666666667 0.175
0.31166666666666665 0.1875
0.3016666666666667 0.1986111111111111
0.29333333333333333 0.2111111111111111
0.2833333333333333 0.2222222222222222
0.27666666666666667 0.23333333333333334
0.27166666666666667 0.24444444444444444
0.2683333333333333 0.25
0.265 0.2569444444444444
0.25833333333333336 0.2638888888888889
0.255 0.2708333333333333
0.25166666666666665 0.2791666666666667
0.245 0.2861111111111111
0.23833333333333334 0.29305555555555557
0.23333333333333334 0.2986111111111111
0.22833333333333333 0.3055555555555556
0.22333333333333333 0.30833333333333335
0.2 0.325
0.19166666666666668 0.3347222222222222
0.18333333333333332 0.34305555555555556
0.17666666666666667 0.35
0.16833333333333333 0.3597222222222222
0.16166666666666665 0.36527777777777776
0.155 0.3736111111111111
0.15 0.38333333333333336
0.14166666666666666 0.39305555555555555
0.13666666666666666 0.4013888888888889
0.13 0.40694444444444444
0.11833333333333333 0.42083333333333334
0.08833333333333333 0.45555555555555555
0.07333333333333333 0.46805555555555556
0.06166666666666667 0.48194444444444445
0.058333333333333334 0.5083333333333333
0.06333333333333334 0.5097222222222222
0.07333333333333333 0.5166666666666667
0.10166666666666667 0.5208333333333334
0.10833333333333334 0.5152777777777777
0.12333333333333334 0.49166666666666664
0.12166666666666667 0.48333333333333334
0.12166666666666667 0.4708333333333333
0.13333333333333333 0.45
0.14666666666666667 0.44166666666666665
0.16166666666666665 0.43333333333333335
0.17333333333333334 0.425
0.18333333333333332 0.41805555555555557
0.19833333333333333 0.4111111111111111
0.21 0.4
0.22833333333333333 0.39166666666666666
0.24 0.38472222222222224
0.24833333333333332 0.375
0.26666666666666666 0.3541666666666667
0.28 0.3416666666666667
0.2833333333333333 0.33055555555555555
0.29333333333333333 0.3194444444444444
0.305 0.30694444444444446
0.3233333333333333 0.2902777777777778
0.35 0.28055555555555556
0.35 0.29583333333333334
0.3516666666666667 0.30694444444444446
0.3566666666666667 0.33611111111111114
0.3616666666666667 0.3527777777777778
0.3616666666666667 0.3625
0.36333333333333334 0.37083333333333335
0.36333333333333334 0.37916666666666665
0.355 0.3875
0.3383333333333333 0.4111111111111111
0.3416666666666667 0.4263888888888889
0.3383333333333333 0.4486111111111111
0.33166666666666667 0.4597222222222222
0.32666666666666666 0.46805555555555556
0.325 0.4791666666666667
0.3233333333333333 0.4875
0.31833333333333336 0.4986111111111111
0.31666666666666665 0.5083333333333333
0.315 0.5166666666666667
0.315 0.5236111111111111
0.315 0.5319444444444444
0.31833333333333336 0.5583333333333333
0.3283333333333333 0.5819444444444445
0.3333333333333333 0.6083333333333333
0.34 0.6361111111111111
0.34 0.6555555555555556
0.3416666666666667 0.6708333333333333
0.3433333333333333 0.6805555555555556
0.3433333333333333 0.6902777777777778
0.33166666666666667 0.7208333333333333
0.32166666666666666 0.7347222222222223
0.32 0.7513888888888889
0.31833333333333336 0.7638888888888888
0.32 0.7777777777777778
0.32 0.7958333333333333
0.32166666666666666 0.8194444444444444
0.325 0.8416666666666667
0.3283333333333333 0.8597222222222223
0.33 0.8833333333333333
0.31666666666666665 0.9111111111111111
0.30666666666666664 0.9194444444444444
0.295 0.925
0.2833333333333333 0.9333333333333333
0.27 0.9416666666666667
0.26666666666666666 0.9722222222222222
0.29 0.9819444444444444
0.33666666666666667 0.975
0.3433333333333333 0.9638888888888889
0.3566666666666667 0.9486111111111111
0.38166666666666665 0.9138888888888889
0.38166666666666665 0.8847222222222222
0.38166666666666665 0.8652777777777778
0.39166666666666666 0.8486111111111111
0.4 0.8333333333333334
0.41 0.8166666666666667
0.4166666666666667 0.8027777777777778
0.42333333333333334 0.7888888888888889
0.42833333333333334 0.7722222222222223
0.43166666666666664 0.7583333333333333
0.43333333333333335 0.7375
0.44333333333333336 0.7041666666666667
0.4533333333333333 0.6930555555555555
0.46 0.675
0.4633333333333333 0.6583333333333333
0.4666666666666667 0.6430555555555556
0.47 0.6305555555555555
0.475 0.6166666666666667
0.4816666666666667 0.6041666666666666
0.485 0.5888888888888889
0.48833333333333334 0.575
0.5033333333333333 0.5736111111111111
0.5033333333333333 0.5944444444444444
0.5083333333333333 0.6125
0.5133333333333333 0.6319444444444444
0.5216666666666666 0.6472222222222223
0.5266666666666666 0.6652777777777777
0.5316666666666666 0.6819444444444445
0.535 0.6902777777777778
0.5416666666666666 0.7
0.5516666666666666 0.7083333333333334
0.555 0.7277777777777777
0.5516666666666666 0.75
0.5516666666666666 0.7680555555555556
0.5566666666666666 0.7861111111111111
0.5616666666666666 0.8013888888888889
0.5683333333333334 0.8138888888888889
0.5766666666666667 0.8291666666666667
0.5816666666666667 0.8430555555555556
0.5883333333333334 0.8597222222222223
0.5916666666666667 0.8763888888888889
0.5933333333333334 0.9083333333333333
0.605 0.9375
0.6283333333333333 0.95
0.6533333333333333 0.9722222222222222
0.7233333333333334 0.9888888888888889
0.7383333333333333 0.9763888888888889
0.7266666666666667 0.9541666666666667
0.7116666666666667 0.9472222222222222
0.695 0.9388888888888889
0.6783333333333333 0.9263888888888889
0.6616666666666666 0.9138888888888889
0.6566666666666666 0.8791666666666667
0.6566666666666666 0.8597222222222223
0.6633333333333333 0.8402777777777778
0.6633333333333333 0.825
0.665 0.8097222222222222
0.6666666666666666 0.7875
0.6683333333333333 0.7666666666666667
0.6633333333333333 0.7513888888888889
0.66 0.7375
0.6533333333333333 0.7277777777777777
0.645 0.6986111111111111
0.645 0.6833333333333333
0.645 0.6625
0.6516666666666666 0.6402777777777777
0.6566666666666666 0.6152777777777778
0.665 0.5916666666666667
0.6716666666666666 0.5777777777777777
0.665 0.5597222222222222
0.6683333333333333 0.5236111111111111
0.67 0.5055555555555555
0.6683333333333333 0.4888888888888889
0.665 0.47638888888888886
0.6633333333333333 0.4666666666666667
0.66 0.4625
0.66 0.4583333333333333
0.66 0.45416666666666666
0.6566666666666666 0.4513888888888889
0.6533333333333333 0.4444444444444444
0.645 0.42777777777777776
0.65 0.41388888888888886
0.645 0.3875
0.6416666666666667 0.37222222222222223
0.6416666666666667 0.3597222222222222
0.6483333333333333 0.3486111111111111
0.6566666666666666 0.3388888888888889
0.6516666666666666 0.33055555555555555
0.65 0.3111111111111111
0.6583333333333333 0.2972222222222222
0.665 0.28055555555555556
0.6866666666666666 0.28055555555555556
0.6983333333333334 0.29444444444444445
0.7083333333333334 0.30833333333333335
0.7166666666666667 0.31805555555555554
0.725 0.32916666666666666
0.7383333333333333 0.3458333333333333
0.76 0.36944444444444446
0.7716666666666666 0.38333333333333336
0.7833333333333333 0.39444444444444443
0.7933333333333333 0.4041666666666667
0.8066666666666666 0.4111111111111111
0.8183333333333334 0.41944444444444445
0.83 0.42777777777777776
0.84 0.4361111111111111
0.8533333333333334 0.44722222222222224
0.8633333333333333 0.45694444444444443
0.8766666666666667 0.4875
0.8766666666666667 0.5013888888888889
0.8766666666666667 0.5152777777777777
0.8916666666666667 0.5333333333333333
0.91 0.5375
0.9333333333333333 0.5361111111111111
0.9366666666666666 0.5319444444444444
0.9483333333333334 0.525
0.9483333333333334 0.5069444444444444
0.9283333333333333 0.49027777777777776
0.9166666666666666 0.4736111111111111
0.8933333333333333 0.44027777777777777
0.8833333333333333 0.4263888888888889
0.8766666666666667 0.4125
0.87 0.39861111111111114
0.8566666666666667 0.38333333333333336
0.8466666666666667 0.3680555555555556
0.8383333333333334 0.3527777777777778
0.8316666666666667 0.34444444444444444
0.8266666666666667 0.3375
0.8216666666666667 0.3333333333333333
0.815 0.33055555555555555
0.805 0.3263888888888889
0.7933333333333333 0.3111111111111111
0.7816666666666666 0.3
0.775 0.28888888888888886
0.7683333333333333 0.2791666666666667
0.765 0.26805555555555555
0.7566666666666667 0.2569444444444444
0.7483333333333333 0.24722222222222223
0.7433333333333333 0.2375
0.7383333333333333 0.22916666666666666
0.7316666666666667 0.21944444444444444
0.725 0.2125
0.7183333333333334 0.20416666666666666
0.7133333333333334 0.1986111111111111
0.7116666666666667 0.19305555555555556
0.705 0.18888888888888888
0.695 0.18333333333333332
0.6666666666666666 0.1763888888888889
0.6566666666666666 0.175
0.6466666666666666 0.17222222222222222
0.6366666666666667 0.16944444444444445
0.6266666666666667 0.16527777777777777
0.6183333333333333 0.1638888888888889
0.61 0.16111111111111112
0.5983333333333334 0.15833333333333333
0.57 0.15
0.57 0.12222222222222222
0.58 0.09583333333333334
0.5816666666666667 0.08888888888888889
0.585 0.06805555555555555
0.5766666666666667 0.05
0.5616666666666666 0.02638888888888889
0.5516666666666666 0.016666666666666666
0.5333333333333333 0.0125
