336
0.5166666666666667 0.006944444444444444
0.44 0.030555555555555555
0.5866666666666667 0.02638888888888889
0.43 0.07222222222222222
0.6033333333333334 0.06666666666666667
0.43666666666666665 0.10277777777777777
0.5966666666666667 0.10138888888888889
0.45666666666666667 0.13333333333333333
0.5816666666666667 0.12916666666666668
0.455 0.15833333333333333
0.6033333333333334 0.15555555555555556
0.315 0.19166666666666668
0.735 0.18333333333333332
0.19666666666666666 0.3458333333333333
0.09 0.5027777777777778
0.05333333333333334 0.5625
0.10333333333333333 0.5847222222222223
0.13666666666666666 0.5680555555555555
0.13 0.5180555555555556
0.265 0.3972222222222222
0.3433333333333333 0.30416666666666664
0.37 0.35138888888888886
0.34 0.4
0.345 0.44166666666666665
0.3466666666666667 0.5902777777777778
0.37833333333333335 0.7152777777777778
0.42 0.8916666666666667
0.36 0.9666666666666667
0.4266666666666667 0.9944444444444445
0.475 0.9277777777777778
0.4766666666666667 0.8916666666666667
0.49 0.7194444444444444
0.5266666666666666 0.5902777777777778
0.5833333333333334 0.7208333333333333
0.6366666666666667 0.8930555555555556
0.635 0.925
0.6866666666666666 0.9930555555555556
0.7483333333333333 0.9638888888888889
0.695 0.8972222222222223
0.6916666666666667 0.7083333333333334
0.7183333333333334 0.5888888888888889
0.7 0.44583333333333336
0.7066666666666667 0.4013888888888889
0.695 0.3486111111111111
0.7166666666666667 0.28888888888888886
0.7833333333333333 0.3736111111111111
0.8816666666666667 0.5041666666666667
0.865 0.5541666666666667
0.9083333333333333 0.5722222222222222
0.9483333333333334 0.5555555555555556
0.93 0.5
0.85 0.3472222222222222
0.48833333333333334 0.011111111111111112
0.47333333333333333 0.015277777777777777
0.4583333333333333 0.018055555555555554
0.43 0.04583333333333333
0.43 0.058333333333333334
0.43166666666666664 0.08333333333333333
0.43333333333333335 0.09305555555555556
0.44166666666666665 0.11944444444444445
0.46166666666666667 0.1486111111111111
0.43666666666666665 0.1597222222222222
0.4216666666666667 0.1625
0.4083333333333333 0.16666666666666666
0.3933333333333333 0.17083333333333334
0.37666666666666665 0.17222222222222222
0.3616666666666667 0.175
0.34833333333333333 0.17916666666666667
0.3333333333333333 0.18472222222222223
0.305 0.1986111111111111
0.28833333333333333 0.20694444444444443
0.2816666666666667 0.2152777777777778
0.27166666666666667 0.21805555555555556
0.265 0.225
0.26166666666666666 0.23194444444444445
0.25833333333333336 0.24027777777777778
0.255 0.24583333333333332
0.24833333333333332 0.25277777777777777
0.24166666666666667 0.2638888888888889
0.235 0.275
0.23166666666666666 0.2833333333333333
0.22666666666666666 0.29305555555555557
0.22166666666666668 0.3055555555555556
0.21666666666666667 0.31666666666666665
0.20666666666666667 0.33055555555555555
0.18333333333333332 0.3597222222222222
0.17 0.3763888888888889
0.16166666666666665 0.3888888888888889
0.15 0.4027777777777778
0.14166666666666666 0.4166666666666667
0.135 0.42777777777777776
0.13 0.43472222222222223
0.125 0.44166666666666665
0.12 0.4527777777777778
0.11333333333333333 0.4638888888888889
0.10833333333333334 0.475
0.10166666666666667 0.4875
0.08166666666666667 0.5180555555555556
0.07666666666666666 0.5291666666666667
0.065 0.5444444444444444
0.07 0.5736111111111111
0.08 0.5763888888888888
0.095 0.5805555555555556
0.11833333333333333 0.5819444444444445
0.13 0.5763888888888888
0.14 0.5583333333333333
0.14166666666666666 0.5444444444444444
0.13666666666666666 0.5319444444444444
0.13833333333333334 0.5055555555555555
0.15166666666666667 0.49444444444444446
0.16666666666666666 0.4861111111111111
0.17833333333333334 0.4791666666666667
0.19333333333333333 0.4722222222222222
0.205 0.46111111111111114
0.22166666666666668 0.45
0.23166666666666666 0.4375
0.23833333333333334 0.42916666666666664
0.25166666666666665 0.41388888888888886
0.2783333333333333 0.3875
0.2833333333333333 0.37777777777777777
0.29333333333333333 0.3625
0.305 0.3472222222222222
0.31666666666666665 0.33611111111111114
0.32666666666666666 0.32222222222222224
0.3516666666666667 0.3194444444444444
0.355 0.3277777777777778
0.35833333333333334 0.3388888888888889
0.3616666666666667 0.3597222222222222
0.355 0.3736111111111111
0.3516666666666667 0.38055555555555554
0.34833333333333333 0.3861111111111111
0.345 0.3888888888888889
0.3433333333333333 0.39305555555555555
0.34 0.4166666666666667
0.3416666666666667 0.42916666666666664
0.3383333333333333 0.4597222222222222
0.3383333333333333 0.4847222222222222
0.3383333333333333 0.5055555555555555
0.3383333333333333 0.5138888888888888
0.3383333333333333 0.5194444444444445
0.34 0.5291666666666667
0.34 0.5361111111111111
0.3416666666666667 0.5430555555555555
0.3416666666666667 0.5513888888888889
0.3416666666666667 0.5666666666666667
0.355 0.6041666666666666
0.35833333333333334 0.6152777777777778
0.36333333333333334 0.6291666666666667
0.36666666666666664 0.6416666666666667
0.37 0.6583333333333333
0.375 0.675
0.37666666666666665 0.6833333333333333
0.37833333333333335 0.7013888888888888
0.37333333333333335 0.7361111111111112
0.37 0.7513888888888889
0.375 0.7680555555555556
0.37833333333333335 0.7861111111111111
0.38666666666666666 0.8
0.39666666666666667 0.8194444444444444
0.4 0.8375
0.405 0.8486111111111111
0.4083333333333333 0.8569444444444444
0.415 0.8736111111111111
0.41 0.9097222222222222
0.3983333333333333 0.9208333333333333
0.39 0.9291666666666667
0.38 0.9388888888888889
0.37 0.95
0.375 0.9819444444444444
0.3983333333333333 0.9888888888888889
0.44333333333333336 0.9833333333333333
0.4483333333333333 0.9708333333333333
0.4583333333333333 0.9555555555555556
0.47833333333333333 0.9097222222222222
0.47333333333333333 0.875
0.47 0.8583333333333333
0.475 0.8430555555555556
0.47833333333333333 0.825
0.48 0.8069444444444445
0.4866666666666667 0.7958333333333333
0.49166666666666664 0.7861111111111111
0.49166666666666664 0.7694444444444445
0.49166666666666664 0.7541666666666667
0.49166666666666664 0.7361111111111112
0.5 0.7055555555555556
0.5066666666666667 0.6916666666666667
0.5116666666666667 0.6763888888888889
0.515 0.6625
0.515 0.6513888888888889
0.515 0.6388888888888888
0.5166666666666667 0.6263888888888889
0.5166666666666667 0.6180555555555556
0.5183333333333333 0.6125
0.5216666666666666 0.6027777777777777
0.5366666666666666 0.6027777777777777
0.5383333333333333 0.6166666666666667
0.5416666666666666 0.6277777777777778
0.55 0.6402777777777777
0.55 0.6527777777777778
0.5516666666666666 0.6666666666666666
0.555 0.6777777777777778
0.5666666666666667 0.6958333333333333
0.5716666666666667 0.7027777777777777
0.5783333333333334 0.7111111111111111
0.585 0.7402777777777778
0.5866666666666667 0.7597222222222222
0.5883333333333334 0.775
0.6016666666666667 0.7916666666666666
0.605 0.8041666666666667
0.6133333333333333 0.8138888888888889
0.6183333333333333 0.8263888888888888
0.6216666666666667 0.8402777777777778
0.6266666666666667 0.8555555555555555
0.6283333333333333 0.8722222222222222
0.635 0.9097222222222222
0.6483333333333333 0.9430555555555555
0.6583333333333333 0.9597222222222223
0.67 0.9819444444444444
0.7133333333333334 0.9888888888888889
0.7383333333333333 0.9833333333333333
0.7383333333333333 0.9444444444444444
0.72 0.9388888888888889
0.705 0.9291666666666667
0.7016666666666667 0.9194444444444444
0.6983333333333334 0.9097222222222222
0.6933333333333334 0.8819444444444444
0.6883333333333334 0.8680555555555556
0.695 0.8527777777777777
0.695 0.8333333333333334
0.7 0.8180555555555555
0.7016666666666667 0.8
0.705 0.7805555555555556
0.71 0.7541666666666667
0.705 0.7375
0.6966666666666667 0.7222222222222222
0.6883333333333334 0.6902777777777778
0.69 0.675
0.6966666666666667 0.6611111111111111
0.7016666666666667 0.6458333333333334
0.705 0.6319444444444444
0.71 0.6152777777777778
0.7116666666666667 0.6083333333333333
0.7166666666666667 0.6
0.72 0.5763888888888888
0.7233333333333334 0.5583333333333333
0.72 0.5416666666666666
0.72 0.5236111111111111
0.72 0.5125
0.7166666666666667 0.4986111111111111
0.715 0.4875
0.7116666666666667 0.475
0.71 0.4652777777777778
0.705 0.45555555555555555
0.7033333333333334 0.43194444444444446
0.71 0.41944444444444445
0.705 0.3902777777777778
0.705 0.37777777777777777
0.7 0.37083333333333335
0.6983333333333334 0.36527777777777776
0.6966666666666667 0.35833333333333334
0.6983333333333334 0.3527777777777778
0.7016666666666667 0.3333333333333333
0.7083333333333334 0.3194444444444444
0.71 0.30277777777777776
0.7283333333333334 0.30277777777777776
0.735 0.31527777777777777
0.7433333333333333 0.32916666666666666
0.7533333333333333 0.3416666666666667
0.7633333333333333 0.35
0.7716666666666666 0.3611111111111111
0.7883333333333333 0.3875
0.795 0.4013888888888889
0.8066666666666666 0.41388888888888886
0.815 0.4263888888888889
0.8266666666666667 0.4388888888888889
0.84 0.4527777777777778
0.8533333333333334 0.4638888888888889
0.8616666666666667 0.4722222222222222
0.8716666666666667 0.48055555555555557
0.8766666666666667 0.49166666666666664
0.875 0.5166666666666667
0.8716666666666667 0.5263888888888889
0.86 0.5402777777777777
0.8766666666666667 0.5652777777777778
0.8916666666666667 0.5694444444444444
0.9233333333333333 0.5638888888888889
0.9366666666666666 0.5625
0.9433333333333334 0.5597222222222222
0.9483333333333334 0.5416666666666666
0.945 0.5305555555555556
0.9383333333333334 0.5166666666666667
0.9266666666666666 0.4861111111111111
0.92 0.4777777777777778
0.9166666666666666 0.4638888888888889
0.9116666666666666 0.45416666666666666
0.9083333333333333 0.44166666666666665
0.905 0.4305555555555556
0.9 0.42083333333333334
0.895 0.4111111111111111
0.8866666666666667 0.4027777777777778
0.8816666666666667 0.39166666666666666
0.8766666666666667 0.37916666666666665
0.8716666666666667 0.3625
0.8466666666666667 0.3333333333333333
0.8433333333333334 0.3236111111111111
0.835 0.3125
0.83 0.30277777777777776
0.825 0.28888888888888886
0.8166666666666667 0.27361111111111114
0.81 0.2625
0.8016666666666666 0.25
0.7966666666666666 0.2388888888888889
0.79 0.22777777777777777
0.785 0.21944444444444444
0.7783333333333333 0.2125
0.7716666666666666 0.20833333333333334
0.7666666666666667 0.20277777777777778
0.7616666666666667 0.1986111111111111
0.75 0.19027777777777777
0.72 0.17916666666666667
0.7016666666666667 0.175
0.6883333333333334 0.16805555555555557
0.6716666666666666 0.1638888888888889
0.6566666666666666 0.16111111111111112
0.6416666666666667 0.15833333333333333
0.6316666666666667 0.15694444444444444
0.6166666666666667 0.15694444444444444
0.585 0.14583333333333334
0.59 0.11666666666666667
0.6033333333333334 0.08888888888888889
0.6066666666666667 0.0763888888888889
0.6033333333333334 0.05416666666666667
0.5983333333333334 0.04027777777777778
0.5766666666666667 0.016666666666666666
0.5633333333333334 0.013888888888888888
0.5433333333333333 0.008333333333333333
