336
0.5366666666666666 0.011111111111111112
0.4666666666666667 0.029166666666666667
0.6116666666666667 0.027777777777777776
0.44666666666666666 0.06944444444444445
0.6183333333333333 0.06805555555555555
0.45666666666666667 0.1111111111111111
0.605 0.10833333333333334
0.47833333333333333 0.1375
0.595 0.13194444444444445
0.4683333333333333 0.1597222222222222
0.6083333333333333 0.15833333333333333
0.33166666666666667 0.19305555555555556
0.75 0.19305555555555556
0.225 0.3236111111111111
0.11333333333333333 0.45694444444444443
0.08333333333333333 0.5180555555555556
0.12 0.5416666666666666
0.145 0.5305555555555556
0.15333333333333332 0.4708333333333333
0.2783333333333333 0.3625
0.3383333333333333 0.2972222222222222
0.3516666666666667 0.3347222222222222
0.3383333333333333 0.3972222222222222
0.3466666666666667 0.43472222222222223
0.315 0.5777777777777777
0.3433333333333333 0.7
0.3566666666666667 0.8916666666666667
0.30833333333333335 0.9583333333333334
0.36666666666666664 0.9875
0.425 0.9152777777777777
0.43 0.8861111111111111
0.45666666666666667 0.7083333333333334
0.5166666666666667 0.5763888888888888
0.5866666666666667 0.7111111111111111
0.61 0.8791666666666667
0.6066666666666667 0.9055555555555556
0.6183333333333333 0.9805555555555555
0.7033333333333334 0.9708333333333333
0.68 0.8833333333333333
0.69 0.6958333333333333
0.7083333333333334 0.5763888888888888
0.7066666666666667 0.4388888888888889
0.725 0.39861111111111114
0.7116666666666667 0.3277777777777778
0.725 0.29305555555555557
0.7766666666666666 0.37916666666666665
0.8616666666666667 0.49583333333333335
0.835 0.5486111111111112
0.8766666666666667 0.5652777777777778
0.9166666666666666 0.5444444444444444
0.9066666666666666 0.49444444444444446
0.85 0.35
0.515 0.0125
0.49666666666666665 0.016666666666666666
0.485 0.020833333333333332
0.455 0.04027777777777778
0.455 0.05416666666666667
0.45166666666666666 0.08333333333333333
0.455 0.09583333333333334
0.4683333333333333 0.12361111111111112
0.47333333333333333 0.14722222222222223
0.4483333333333333 0.1638888888888889
0.43166666666666664 0.16666666666666666
0.415 0.16805555555555557
0.405 0.17083333333333334
0.39666666666666667 0.17222222222222222
0.38666666666666666 0.175
0.37666666666666665 0.1763888888888889
0.35833333333333334 0.18055555555555555
0.315 0.20277777777777778
0.3016666666666667 0.2125
0.2916666666666667 0.2222222222222222
0.2866666666666667 0.23055555555555557
0.2816666666666667 0.2375
0.2783333333333333 0.24305555555555555
0.2733333333333333 0.25
0.2683333333333333 0.25833333333333336
0.265 0.2625
0.26 0.26944444444444443
0.255 0.2763888888888889
0.25 0.2833333333333333
0.24666666666666667 0.28888888888888886
0.24333333333333335 0.29305555555555557
0.24 0.2986111111111111
0.235 0.30694444444444446
0.20833333333333334 0.32916666666666666
0.20166666666666666 0.33611111111111114
0.195 0.3402777777777778
0.185 0.35
0.17833333333333334 0.35833333333333334
0.16833333333333333 0.37083333333333335
0.16 0.38333333333333336
0.15166666666666667 0.3972222222222222
0.14833333333333334 0.4041666666666667
0.14166666666666666 0.4152777777777778
0.135 0.4236111111111111
0.12833333333333333 0.4375
0.10666666666666667 0.4736111111111111
0.10333333333333333 0.48333333333333334
0.09166666666666666 0.49444444444444446
0.095 0.5305555555555556
0.10166666666666667 0.5347222222222222
0.11166666666666666 0.5402777777777777
0.13 0.5444444444444444
0.145 0.5402777777777777
0.155 0.5222222222222223
0.15833333333333333 0.5041666666666667
0.155 0.4888888888888889
0.16 0.4583333333333333
0.17166666666666666 0.4513888888888889
0.185 0.4388888888888889
0.20166666666666666 0.4305555555555556
0.215 0.42083333333333334
0.225 0.4111111111111111
0.23666666666666666 0.4013888888888889
0.245 0.39166666666666666
0.255 0.38333333333333336
0.26666666666666666 0.375
0.29 0.35138888888888886
0.3 0.3402777777777778
0.30333333333333334 0.3347222222222222
0.31 0.3263888888888889
0.31833333333333336 0.31805555555555554
0.32666666666666666 0.30694444444444446
0.3466666666666667 0.30833333333333335
0.3466666666666667 0.3138888888888889
0.3466666666666667 0.3236111111111111
0.3466666666666667 0.3472222222222222
0.3466666666666667 0.35833333333333334
0.3466666666666667 0.3638888888888889
0.3466666666666667 0.37222222222222223
0.3466666666666667 0.37916666666666665
0.345 0.3861111111111111
0.3416666666666667 0.4083333333333333
0.3433333333333333 0.4222222222222222
0.3416666666666667 0.44722222222222224
0.335 0.46111111111111114
0.32666666666666666 0.4722222222222222
0.32666666666666666 0.48055555555555557
0.3233333333333333 0.4888888888888889
0.31833333333333336 0.5027777777777778
0.31833333333333336 0.5138888888888888
0.31666666666666665 0.5263888888888889
0.315 0.5347222222222222
0.315 0.5527777777777778
0.32166666666666666 0.5972222222222222
0.33 0.6138888888888889
0.33666666666666667 0.6319444444444444
0.3466666666666667 0.65
0.3466666666666667 0.6611111111111111
0.3433333333333333 0.6680555555555555
0.3433333333333333 0.6736111111111112
0.3433333333333333 0.6819444444444445
0.335 0.7180555555555556
0.33166666666666667 0.7305555555555555
0.33166666666666667 0.7472222222222222
0.33166666666666667 0.7638888888888888
0.33666666666666667 0.7819444444444444
0.34 0.7972222222222223
0.345 0.8166666666666667
0.35 0.8361111111111111
0.35333333333333333 0.8583333333333333
0.355 0.8722222222222222
0.3516666666666667 0.9069444444444444
0.345 0.9208333333333333
0.33666666666666667 0.9305555555555556
0.3283333333333333 0.9402777777777778
0.315 0.9458333333333333
0.31666666666666665 0.9763888888888889
0.33666666666666667 0.9861111111111112
0.3933333333333333 0.9805555555555555
0.4 0.9611111111111111
0.41 0.9388888888888889
0.4266666666666667 0.9041666666666667
0.4266666666666667 0.8736111111111111
0.43 0.8555555555555555
0.43166666666666664 0.8361111111111111
0.43333333333333335 0.8208333333333333
0.44 0.8027777777777778
0.44666666666666666 0.7875
0.45 0.7694444444444445
0.4533333333333333 0.7541666666666667
0.4533333333333333 0.7388888888888889
0.455 0.7236111111111111
0.4716666666666667 0.6972222222222222
0.4816666666666667 0.6819444444444445
0.49 0.6611111111111111
0.49 0.6458333333333334
0.49 0.6319444444444444
0.49833333333333335 0.6208333333333333
0.5 0.6152777777777778
0.505 0.6041666666666666
0.5066666666666667 0.6
0.5116666666666667 0.5902777777777778
0.5316666666666666 0.5958333333333333
0.5383333333333333 0.6097222222222223
0.545 0.6236111111111111
0.5483333333333333 0.6375
0.5533333333333333 0.6513888888888889
0.555 0.6625
0.56 0.6777777777777778
0.5683333333333334 0.6861111111111111
0.5716666666666667 0.6930555555555555
0.5783333333333334 0.7027777777777777
0.5866666666666667 0.7305555555555555
0.59 0.7472222222222222
0.5916666666666667 0.7638888888888888
0.595 0.775
0.6 0.7875
0.6033333333333334 0.8041666666666667
0.6066666666666667 0.8166666666666667
0.6066666666666667 0.8291666666666667
0.6083333333333333 0.8444444444444444
0.6083333333333333 0.8597222222222223
0.61 0.8930555555555556
0.61 0.9222222222222223
0.6116666666666667 0.9375
0.6133333333333333 0.9555555555555556
0.645 0.9902777777777778
0.6733333333333333 0.9847222222222223
0.7033333333333334 0.9555555555555556
0.6983333333333334 0.9430555555555555
0.69 0.9319444444444445
0.685 0.9194444444444444
0.6866666666666666 0.9027777777777778
0.6816666666666666 0.8652777777777778
0.6833333333333333 0.8486111111111111
0.685 0.8333333333333334
0.685 0.8166666666666667
0.6933333333333334 0.8055555555555556
0.6983333333333334 0.7847222222222222
0.705 0.7680555555555556
0.7066666666666667 0.7541666666666667
0.7066666666666667 0.7375
0.6983333333333334 0.7180555555555556
0.6933333333333334 0.6791666666666667
0.6933333333333334 0.6652777777777777
0.695 0.6472222222222223
0.6983333333333334 0.6347222222222222
0.7016666666666667 0.6222222222222222
0.7116666666666667 0.6111111111111112
0.7116666666666667 0.6
0.7166666666666667 0.5875
0.72 0.5666666666666667
0.73 0.5527777777777778
0.7333333333333333 0.5388888888888889
0.7333333333333333 0.5277777777777778
0.7333333333333333 0.5111111111111111
0.7316666666666667 0.4986111111111111
0.7283333333333334 0.4875
0.7283333333333334 0.47638888888888886
0.725 0.4625
0.7166666666666667 0.4527777777777778
0.7133333333333334 0.4236111111111111
0.7216666666666667 0.4111111111111111
0.72 0.38472222222222224
0.705 0.37777777777777777
0.705 0.36666666666666664
0.705 0.35833333333333334
0.71 0.3472222222222222
0.71 0.3402777777777778
0.7183333333333334 0.31666666666666665
0.7216666666666667 0.30972222222222223
0.7216666666666667 0.30277777777777776
0.735 0.3111111111111111
0.7383333333333333 0.3236111111111111
0.745 0.3375
0.7516666666666667 0.3472222222222222
0.7566666666666667 0.35555555555555557
0.7666666666666667 0.3680555555555556
0.785 0.39444444444444443
0.7916666666666666 0.4083333333333333
0.8 0.42083333333333334
0.8083333333333333 0.4305555555555556
0.8133333333333334 0.4375
0.825 0.44583333333333336
0.835 0.45416666666666666
0.8416666666666667 0.46111111111111114
0.8466666666666667 0.46805555555555556
0.8533333333333334 0.48333333333333334
0.8533333333333334 0.5097222222222222
0.845 0.5152777777777777
0.8366666666666667 0.5319444444444444
0.8416666666666667 0.5652777777777778
0.8583333333333333 0.5652777777777778
0.88 0.5583333333333333
0.895 0.5541666666666667
0.9066666666666666 0.55
0.915 0.5333333333333333
0.9116666666666666 0.5194444444444445
0.9083333333333333 0.5097222222222222
0.905 0.4736111111111111
0.9 0.4625
0.8966666666666666 0.4513888888888889
0.895 0.4361111111111111
0.89 0.42083333333333334
0.8866666666666667 0.4097222222222222
0.8833333333333333 0.3972222222222222
0.8816666666666667 0.38472222222222224
0.8766666666666667 0.37916666666666665
0.8716666666666667 0.36944444444444446
0.8683333333333333 0.36527777777777776
0.86 0.3597222222222222
0.8466666666666667 0.3388888888888889
0.8383333333333334 0.33194444444444443
0.835 0.325
0.83 0.3138888888888889
0.8283333333333334 0.30694444444444446
0.8233333333333334 0.2972222222222222
0.82 0.2875
0.8166666666666667 0.2763888888888889
0.81 0.26666666666666666
0.805 0.25833333333333336
0.8016666666666666 0.24861111111111112
0.8 0.24027777777777778
0.795 0.23055555555555557
0.7916666666666666 0.22361111111111112
0.785 0.21666666666666667
0.7733333333333333 0.20694444444444443
0.7333333333333333 0.1875
0.7216666666666667 0.18055555555555555
0.71 0.1763888888888889
0.6966666666666667 0.1736111111111111
0.6816666666666666 0.16944444444444445
0.67 0.16666666666666666
0.66 0.16527777777777777
0.64 0.1625
0.605 0.14722222222222223
0.6016666666666667 0.11805555555555555
0.61 0.09722222222222222
0.6183333333333333 0.08055555555555556
0.6216666666666667 0.05555555555555555
0.62 0.03888888888888889
0.6 0.020833333333333332
0.5866666666666667 0.015277777777777777
0.5666666666666667 0.013888888888888888
