334
0.53 0.008333333333333333
0.45666666666666667 0.034722222222222224
0.6066666666666667 0.034722222222222224
0.4583333333333333 0.075
0.61 0.07777777777777778
0.45666666666666667 0.10972222222222222
0.6033333333333334 0.10833333333333334
0.47833333333333333 0.1361111111111111
0.585 0.13333333333333333
0.47 0.15416666666666667
0.6066666666666667 0.15694444444444444
0.325 0.18333333333333332
0.7166666666666667 0.18194444444444444
0.21333333333333335 0.31666666666666665
0.095 0.4597222222222222
0.04 0.49444444444444446
0.05333333333333334 0.5291666666666667
0.10666666666666667 0.5138888888888888
0.13166666666666665 0.475
0.26666666666666666 0.35833333333333334
0.3383333333333333 0.2708333333333333
0.37166666666666665 0.30833333333333335
0.36833333333333335 0.39305555555555555
0.35333333333333333 0.44305555555555554
0.3283333333333333 0.5569444444444445
0.335 0.6861111111111111
0.33166666666666667 0.8805555555555555
0.27166666666666667 0.9527777777777777
0.345 0.9902777777777778
0.39666666666666667 0.9208333333333333
0.38333333333333336 0.8763888888888889
0.42 0.7069444444444445
0.5166666666666667 0.5597222222222222
0.595 0.7152777777777778
0.5933333333333334 0.8958333333333334
0.5866666666666667 0.9277777777777778
0.6166666666666667 0.9958333333333333
0.6966666666666667 0.9763888888888889
0.6616666666666666 0.8944444444444445
0.685 0.7027777777777777
0.71 0.5513888888888889
0.69 0.4444444444444444
0.68 0.39444444444444443
0.6833333333333333 0.30277777777777776
0.7083333333333334 0.26666666666666666
0.795 0.375
0.8966666666666666 0.48194444444444445
0.91 0.5291666666666667
0.95 0.5333333333333333
0.9716666666666667 0.5138888888888888
0.9366666666666666 0.4708333333333333
0.8483333333333334 0.33194444444444443
0.5116666666666667 0.009722222222222222
0.49166666666666664 0.015277777777777777
0.475 0.025
0.4533333333333333 0.04722222222222222
0.45166666666666666 0.06111111111111111
0.4533333333333333 0.08472222222222223
0.4533333333333333 0.09444444444444444
0.465 0.12361111111111112
0.47333333333333333 0.14305555555555555
0.45166666666666666 0.15694444444444444
0.44 0.15833333333333333
0.43 0.15833333333333333
0.415 0.15833333333333333
0.40166666666666667 0.16111111111111112
0.38333333333333336 0.1638888888888889
0.36666666666666664 0.1638888888888889
0.3466666666666667 0.16944444444444445
0.30666666666666664 0.1875
0.29833333333333334 0.19444444444444445
0.2916666666666667 0.2013888888888889
0.2783333333333333 0.2111111111111111
0.275 0.2222222222222222
0.27 0.23472222222222222
0.26666666666666666 0.24722222222222223
0.26166666666666666 0.25416666666666665
0.25333333333333335 0.2625
0.25 0.26944444444444443
0.24166666666666667 0.2763888888888889
0.24 0.28194444444444444
0.235 0.2861111111111111
0.23166666666666666 0.2902777777777778
0.22833333333333333 0.29583333333333334
0.22166666666666668 0.30416666666666664
0.19666666666666666 0.3263888888888889
0.185 0.3333333333333333
0.175 0.34305555555555556
0.165 0.3541666666666667
0.15666666666666668 0.3680555555555556
0.15333333333333332 0.3763888888888889
0.14833333333333334 0.38472222222222224
0.14166666666666666 0.3958333333333333
0.13666666666666666 0.4041666666666667
0.13166666666666665 0.4125
0.12333333333333334 0.4222222222222222
0.11166666666666666 0.4388888888888889
0.08666666666666667 0.4722222222222222
0.07166666666666667 0.4791666666666667
0.056666666666666664 0.4847222222222222
0.04 0.5083333333333333
0.043333333333333335 0.5152777777777777
0.04666666666666667 0.5208333333333334
0.075 0.5291666666666667
0.095 0.5236111111111111
0.11333333333333333 0.5041666666666667
0.12 0.49444444444444446
0.125 0.48333333333333334
0.14166666666666666 0.4638888888888889
0.15166666666666667 0.4527777777777778
0.16333333333333333 0.44305555555555554
0.17666666666666667 0.43472222222222223
0.19333333333333333 0.4222222222222222
0.205 0.41388888888888886
0.22 0.4027777777777778
0.235 0.39305555555555555
0.245 0.38333333333333336
0.25666666666666665 0.37222222222222223
0.2816666666666667 0.3486111111111111
0.29 0.33194444444444443
0.3016666666666667 0.32083333333333336
0.31333333333333335 0.30833333333333335
0.3233333333333333 0.2986111111111111
0.33166666666666667 0.28888888888888886
0.35333333333333333 0.2833333333333333
0.355 0.28888888888888886
0.36 0.2972222222222222
0.36666666666666664 0.3236111111111111
0.36833333333333335 0.3333333333333333
0.37166666666666665 0.3472222222222222
0.37166666666666665 0.3597222222222222
0.37166666666666665 0.3680555555555556
0.37 0.37777777777777777
0.365 0.40694444444444444
0.365 0.425
0.3416666666666667 0.4597222222222222
0.3416666666666667 0.4722222222222222
0.3416666666666667 0.4847222222222222
0.33666666666666667 0.49722222222222223
0.3333333333333333 0.5083333333333333
0.3283333333333333 0.5166666666666667
0.3233333333333333 0.5236111111111111
0.325 0.5333333333333333
0.325 0.5402777777777777
0.32666666666666666 0.5472222222222223
0.325 0.5708333333333333
0.3283333333333333 0.5847222222222223
0.33 0.6
0.33166666666666667 0.6138888888888889
0.335 0.6277777777777778
0.33666666666666667 0.6402777777777777
0.33666666666666667 0.6513888888888889
0.335 0.6666666666666666
0.325 0.7041666666666667
0.315 0.7166666666666667
0.31 0.7305555555555555
0.30666666666666664 0.7458333333333333
0.305 0.7583333333333333
0.30666666666666664 0.7708333333333334
0.30833333333333335 0.7833333333333333
0.31166666666666665 0.7958333333333333
0.31166666666666665 0.8111111111111111
0.3233333333333333 0.8416666666666667
0.3233333333333333 0.8986111111111111
0.31666666666666665 0.9097222222222222
0.305 0.9180555555555555
0.29833333333333334 0.925
0.285 0.9375
0.2866666666666667 0.975
0.31333333333333335 0.9861111111111112
0.36666666666666664 0.9736111111111111
0.37666666666666665 0.9597222222222223
0.39 0.9402777777777778
0.39 0.8972222222222223
0.38666666666666666 0.85
0.39166666666666666 0.8291666666666667
0.3933333333333333 0.8111111111111111
0.4033333333333333 0.7958333333333333
0.4066666666666667 0.7819444444444444
0.41333333333333333 0.7680555555555556
0.41333333333333333 0.7569444444444444
0.41833333333333333 0.7402777777777778
0.4166666666666667 0.7319444444444444
0.4166666666666667 0.7180555555555556
0.435 0.6930555555555555
0.445 0.6847222222222222
0.4533333333333333 0.6680555555555555
0.455 0.6513888888888889
0.4633333333333333 0.6361111111111111
0.4666666666666667 0.6208333333333333
0.4766666666666667 0.6097222222222223
0.4866666666666667 0.5986111111111111
0.49166666666666664 0.5861111111111111
0.5 0.5736111111111111
0.5333333333333333 0.5777777777777777
0.5416666666666666 0.5930555555555556
0.5466666666666666 0.6097222222222223
0.5533333333333333 0.6236111111111111
0.555 0.6361111111111111
0.5566666666666666 0.6513888888888889
0.5633333333333334 0.6652777777777777
0.5716666666666667 0.6791666666666667
0.575 0.6902777777777778
0.5833333333333334 0.7027777777777777
0.59 0.7291666666666666
0.59 0.7458333333333333
0.59 0.7611111111111111
0.5916666666666667 0.7763888888888889
0.595 0.7888888888888889
0.5966666666666667 0.8069444444444445
0.6 0.8263888888888888
0.605 0.8472222222222222
0.6066666666666667 0.8638888888888889
0.6 0.8805555555555555
0.59 0.9111111111111111
0.5933333333333334 0.9444444444444444
0.5966666666666667 0.9597222222222223
0.6033333333333334 0.9763888888888889
0.6516666666666666 0.9972222222222222
0.6766666666666666 0.9902777777777778
0.6966666666666667 0.9555555555555556
0.6933333333333334 0.9458333333333333
0.6816666666666666 0.9361111111111111
0.6766666666666666 0.925
0.665 0.9125
0.6616666666666666 0.8791666666666667
0.665 0.8638888888888889
0.67 0.8472222222222222
0.6766666666666666 0.8305555555555556
0.68 0.8166666666666667
0.6833333333333333 0.7986111111111112
0.69 0.7805555555555556
0.695 0.7625
0.695 0.7458333333333333
0.69 0.7277777777777777
0.68 0.6875
0.6733333333333333 0.6722222222222223
0.6733333333333333 0.6569444444444444
0.6883333333333334 0.6347222222222222
0.695 0.6125
0.6983333333333334 0.5944444444444444
0.6983333333333334 0.5777777777777777
0.7033333333333334 0.5597222222222222
0.71 0.5347222222222222
0.71 0.5180555555555556
0.71 0.5069444444444444
0.705 0.49722222222222223
0.705 0.4888888888888889
0.705 0.4791666666666667
0.7016666666666667 0.4722222222222222
0.6966666666666667 0.46111111111111114
0.685 0.43472222222222223
0.6783333333333333 0.41944444444444445
0.68 0.37916666666666665
0.6766666666666666 0.36666666666666664
0.6783333333333333 0.3527777777777778
0.6833333333333333 0.3388888888888889
0.6833333333333333 0.3277777777777778
0.6833333333333333 0.3125
0.6883333333333334 0.2916666666666667
0.6916666666666667 0.2847222222222222
0.7 0.2763888888888889
0.715 0.2833333333333333
0.725 0.2972222222222222
0.7366666666666667 0.3111111111111111
0.75 0.3236111111111111
0.7616666666666667 0.33611111111111114
0.7733333333333333 0.35833333333333334
0.8033333333333333 0.3888888888888889
0.8166666666666667 0.4
0.8266666666666667 0.4083333333333333
0.8366666666666667 0.4166666666666667
0.8466666666666667 0.42777777777777776
0.8583333333333333 0.4388888888888889
0.875 0.4513888888888889
0.8783333333333333 0.46111111111111114
0.88 0.46944444444444444
0.8866666666666667 0.47638888888888886
0.8983333333333333 0.49583333333333335
0.9 0.5055555555555555
0.9 0.5194444444444445
0.92 0.5361111111111111
0.935 0.5361111111111111
0.9533333333333334 0.5263888888888889
0.9566666666666667 0.5222222222222223
0.965 0.5180555555555556
0.96 0.5013888888888889
0.955 0.49583333333333335
0.9433333333333334 0.4861111111111111
0.93 0.45694444444444443
0.9183333333333333 0.4486111111111111
0.9133333333333333 0.4361111111111111
0.9083333333333333 0.4236111111111111
0.9033333333333333 0.4083333333333333
0.8983333333333333 0.3972222222222222
0.8966666666666666 0.38472222222222224
0.8933333333333333 0.3763888888888889
0.8883333333333333 0.3680555555555556
0.8816666666666667 0.3625
0.8783333333333333 0.3541666666666667
0.865 0.34444444444444444
0.8433333333333334 0.3236111111111111
0.8383333333333334 0.31527777777777777
0.8316666666666667 0.30972222222222223
0.825 0.3013888888888889
0.8166666666666667 0.2916666666666667
0.81 0.2847222222222222
0.805 0.2763888888888889
0.8 0.26666666666666666
0.795 0.25833333333333336
0.79 0.24444444444444444
0.7883333333333333 0.23472222222222222
0.7816666666666666 0.2263888888888889
0.775 0.21666666666666667
0.7683333333333333 0.20694444444444443
0.765 0.2013888888888889
0.7483333333333333 0.18888888888888888
0.7033333333333334 0.175
0.6883333333333334 0.17222222222222222
0.675 0.16944444444444445
0.665 0.16527777777777777
0.6533333333333333 0.1625
0.645 0.1597222222222222
0.635 0.15833333333333333
0.6216666666666667 0.15694444444444444
0.5866666666666667 0.15
0.5916666666666667 0.11805555555555555
0.6083333333333333 0.09861111111111111
0.6116666666666667 0.09027777777777778
0.61 0.06388888888888888
0.6083333333333333 0.05
0.595 0.02361111111111111
0.5866666666666667 0.019444444444444445
0.5633333333333334 0.0125
