336
0.5416666666666666 0.015277777777777777
0.4716666666666667 0.04583333333333333
0.61 0.05
0.47 0.075
0.6066666666666667 0.07361111111111111
0.47833333333333333 0.10416666666666667
0.595 0.10833333333333334
0.49166666666666664 0.12777777777777777
0.585 0.13055555555555556
0.48333333333333334 0.16666666666666666
0.5866666666666667 0.16527777777777777
0.385 0.18611111111111112
0.695 0.18888888888888888
0.24166666666666667 0.31527777777777777
0.09333333333333334 0.4375
0.04 0.475
0.058333333333333334 0.5041666666666667
0.08666666666666667 0.5069444444444444
0.11666666666666667 0.45416666666666666
0.27166666666666667 0.3597222222222222
0.38666666666666666 0.2652777777777778
0.40166666666666667 0.3
0.39 0.4097222222222222
0.39 0.44583333333333336
0.355 0.5708333333333333
0.38666666666666666 0.7027777777777777
0.38666666666666666 0.8930555555555556
0.3283333333333333 0.9652777777777778
0.37833333333333335 0.9888888888888889
0.43166666666666664 0.9430555555555555
0.44 0.8944444444444445
0.4633333333333333 0.7194444444444444
0.515 0.5680555555555555
0.555 0.7013888888888888
0.5783333333333334 0.8972222222222223
0.575 0.9291666666666667
0.625 0.9958333333333333
0.685 0.975
0.6383333333333333 0.9027777777777778
0.6433333333333333 0.7013888888888888
0.6833333333333333 0.5722222222222222
0.6516666666666666 0.4597222222222222
0.655 0.41388888888888886
0.6566666666666666 0.2972222222222222
0.69 0.2638888888888889
0.7816666666666666 0.3680555555555556
0.9033333333333333 0.4736111111111111
0.915 0.5347222222222222
0.95 0.5291666666666667
0.97 0.5083333333333333
0.935 0.46111111111111114
0.8283333333333334 0.3347222222222222
0.52 0.020833333333333332
0.505 0.025
0.48833333333333334 0.03333333333333333
0.47 0.05694444444444444
0.47 0.06666666666666667
0.4683333333333333 0.08194444444444444
0.47 0.09166666666666666
0.485 0.11805555555555555
0.4866666666666667 0.1486111111111111
0.4683333333333333 0.1736111111111111
0.45666666666666667 0.1736111111111111
0.4483333333333333 0.1736111111111111
0.44 0.1763888888888889
0.43333333333333335 0.1763888888888889
0.42333333333333334 0.17777777777777778
0.41333333333333333 0.17777777777777778
0.40166666666666667 0.17916666666666667
0.37333333333333335 0.19166666666666668
0.35833333333333334 0.19722222222222222
0.34833333333333333 0.20555555555555555
0.34 0.2152777777777778
0.33166666666666667 0.2222222222222222
0.325 0.22916666666666666
0.31833333333333336 0.23472222222222222
0.31166666666666665 0.24305555555555555
0.3016666666666667 0.25277777777777777
0.29333333333333333 0.2625
0.2866666666666667 0.2708333333333333
0.2783333333333333 0.2791666666666667
0.2733333333333333 0.2847222222222222
0.2683333333333333 0.29305555555555557
0.26166666666666666 0.2972222222222222
0.25 0.3055555555555556
0.225 0.325
0.21 0.3333333333333333
0.19833333333333333 0.34305555555555556
0.18666666666666668 0.3541666666666667
0.175 0.3625
0.165 0.37222222222222223
0.15666666666666668 0.38055555555555554
0.14666666666666667 0.3875
0.14 0.39305555555555555
0.13333333333333333 0.4
0.12333333333333334 0.4097222222222222
0.11166666666666666 0.41944444444444445
0.08166666666666667 0.4486111111111111
0.07 0.45694444444444443
0.056666666666666664 0.4638888888888889
0.04 0.4888888888888889
0.045 0.49583333333333335
0.051666666666666666 0.5
0.065 0.5083333333333333
0.075 0.5083333333333333
0.09833333333333333 0.49583333333333335
0.10333333333333333 0.4875
0.11 0.4722222222222222
0.13166666666666665 0.44166666666666665
0.15 0.43194444444444446
0.165 0.4236111111111111
0.18333333333333332 0.4125
0.20166666666666666 0.4041666666666667
0.21333333333333335 0.3972222222222222
0.22666666666666666 0.3902777777777778
0.23833333333333334 0.3819444444444444
0.245 0.37777777777777777
0.26166666666666666 0.36944444444444446
0.28833333333333333 0.3486111111111111
0.3016666666666667 0.3333333333333333
0.315 0.32222222222222224
0.3283333333333333 0.3125
0.34833333333333333 0.3
0.36666666666666664 0.2847222222222222
0.39 0.2791666666666667
0.3933333333333333 0.2861111111111111
0.395 0.2916666666666667
0.4 0.3125
0.4 0.325
0.40166666666666667 0.3402777777777778
0.4116666666666667 0.35694444444444445
0.4116666666666667 0.37916666666666665
0.40166666666666667 0.39444444444444443
0.38666666666666666 0.4236111111111111
0.3883333333333333 0.43472222222222223
0.38333333333333336 0.45694444444444443
0.375 0.46805555555555556
0.37 0.48194444444444445
0.365 0.49444444444444446
0.36 0.5097222222222222
0.3566666666666667 0.5236111111111111
0.355 0.5319444444444444
0.35333333333333333 0.5416666666666666
0.35333333333333333 0.5513888888888889
0.35333333333333333 0.5611111111111111
0.35833333333333334 0.5805555555555556
0.36 0.5944444444444444
0.36333333333333334 0.6125
0.36666666666666664 0.6291666666666667
0.375 0.6458333333333334
0.38 0.6666666666666666
0.38166666666666665 0.6791666666666667
0.38166666666666665 0.6902777777777778
0.38 0.7194444444444444
0.37333333333333335 0.7333333333333333
0.36666666666666664 0.75
0.36666666666666664 0.7680555555555556
0.36666666666666664 0.7847222222222222
0.37 0.8
0.37166666666666665 0.8138888888888889
0.375 0.8347222222222223
0.38166666666666665 0.8555555555555555
0.38666666666666666 0.875
0.38 0.9138888888888889
0.37166666666666665 0.925
0.36333333333333334 0.9347222222222222
0.35333333333333333 0.9444444444444444
0.33666666666666667 0.9541666666666667
0.335 0.9819444444444444
0.355 0.9875
0.3983333333333333 0.9791666666666666
0.4066666666666667 0.9722222222222222
0.4166666666666667 0.9597222222222223
0.43333333333333335 0.9208333333333333
0.44333333333333336 0.8777777777777778
0.44333333333333336 0.8611111111111112
0.445 0.8416666666666667
0.45 0.8263888888888888
0.4533333333333333 0.8069444444444445
0.4583333333333333 0.7944444444444444
0.46166666666666667 0.7791666666666667
0.4633333333333333 0.7652777777777777
0.45666666666666667 0.75
0.4583333333333333 0.7347222222222223
0.47333333333333333 0.7083333333333334
0.47833333333333333 0.6972222222222222
0.47833333333333333 0.6861111111111111
0.4816666666666667 0.675
0.485 0.6597222222222222
0.49 0.6430555555555556
0.49666666666666665 0.6305555555555555
0.495 0.6180555555555556
0.49666666666666665 0.6055555555555555
0.5033333333333333 0.5888888888888889
0.5333333333333333 0.5944444444444444
0.5416666666666666 0.6194444444444445
0.5433333333333333 0.6305555555555555
0.545 0.6402777777777777
0.55 0.6583333333333333
0.55 0.6666666666666666
0.55 0.6736111111111112
0.5516666666666666 0.6819444444444445
0.5533333333333333 0.6861111111111111
0.5533333333333333 0.6916666666666667
0.5666666666666667 0.7180555555555556
0.5683333333333334 0.7333333333333333
0.565 0.7444444444444445
0.5616666666666666 0.7569444444444444
0.5616666666666666 0.7694444444444445
0.5616666666666666 0.7819444444444444
0.5683333333333334 0.8013888888888889
0.5716666666666667 0.825
0.5766666666666667 0.8472222222222222
0.5783333333333334 0.8722222222222222
0.575 0.9138888888888889
0.5866666666666667 0.9486111111111111
0.5966666666666667 0.9666666666666667
0.6083333333333333 0.9847222222222223
0.655 0.9930555555555556
0.6716666666666666 0.9861111111111112
0.675 0.9597222222222223
0.6633333333333333 0.9513888888888888
0.65 0.9430555555555555
0.6383333333333333 0.9333333333333333
0.6383333333333333 0.9152777777777777
0.635 0.8861111111111111
0.635 0.8666666666666667
0.64 0.8472222222222222
0.645 0.8291666666666667
0.65 0.8083333333333333
0.655 0.7916666666666666
0.655 0.775
0.6533333333333333 0.7597222222222222
0.6483333333333333 0.7416666666666667
0.6433333333333333 0.7236111111111111
0.64 0.6875
0.64 0.6680555555555555
0.6483333333333333 0.6527777777777778
0.6583333333333333 0.6375
0.6633333333333333 0.6277777777777778
0.665 0.6152777777777778
0.665 0.6041666666666666
0.67 0.5875
0.6883333333333334 0.5527777777777778
0.685 0.5375
0.6833333333333333 0.525
0.68 0.5166666666666667
0.6766666666666666 0.5055555555555555
0.6733333333333333 0.4986111111111111
0.6683333333333333 0.49027777777777776
0.6666666666666666 0.4861111111111111
0.6616666666666666 0.4791666666666667
0.6566666666666666 0.4708333333333333
0.6533333333333333 0.4486111111111111
0.6516666666666666 0.43333333333333335
0.6516666666666666 0.4027777777777778
0.6416666666666667 0.3875
0.6483333333333333 0.36666666666666664
0.6566666666666666 0.34444444444444444
0.6566666666666666 0.32916666666666666
0.6566666666666666 0.3138888888888889
0.665 0.2833333333333333
0.6683333333333333 0.2763888888888889
0.6766666666666666 0.26805555555555555
0.6966666666666667 0.2722222222222222
0.7016666666666667 0.28888888888888886
0.7133333333333334 0.3
0.73 0.3125
0.745 0.32916666666666666
0.7566666666666667 0.3458333333333333
0.7933333333333333 0.3861111111111111
0.8133333333333334 0.39861111111111114
0.8283333333333334 0.4097222222222222
0.84 0.41944444444444445
0.8466666666666667 0.425
0.86 0.43194444444444446
0.8666666666666667 0.44027777777777777
0.8733333333333333 0.44722222222222224
0.8783333333333333 0.4527777777777778
0.8933333333333333 0.4625
0.9 0.4875
0.9 0.5
0.9033333333333333 0.5194444444444445
0.9316666666666666 0.5402777777777777
0.945 0.5361111111111111
0.9533333333333334 0.525
0.9616666666666667 0.5180555555555556
0.9666666666666667 0.5125
0.9633333333333334 0.4986111111111111
0.9516666666666667 0.4875
0.9433333333333334 0.475
0.9266666666666666 0.4527777777777778
0.9183333333333333 0.44166666666666665
0.9116666666666666 0.4305555555555556
0.905 0.42083333333333334
0.8966666666666666 0.40555555555555556
0.8866666666666667 0.3958333333333333
0.8733333333333333 0.38333333333333336
0.865 0.37222222222222223
0.8566666666666667 0.3625
0.8533333333333334 0.3541666666666667
0.8483333333333334 0.35
0.8366666666666667 0.3402777777777778
0.82 0.3263888888888889
0.81 0.31666666666666665
0.8033333333333333 0.30833333333333335
0.7983333333333333 0.2986111111111111
0.79 0.28888888888888886
0.785 0.2791666666666667
0.7733333333333333 0.2708333333333333
0.7683333333333333 0.25972222222222224
0.7616666666666667 0.2513888888888889
0.7583333333333333 0.24166666666666667
0.7533333333333333 0.23333333333333334
0.75 0.2263888888888889
0.745 0.22083333333333333
0.7366666666666667 0.2125
0.73 0.20694444444444443
0.7183333333333334 0.2
0.685 0.18611111111111112
0.6733333333333333 0.18333333333333332
0.66 0.17916666666666667
0.6516666666666666 0.17777777777777778
0.6416666666666667 0.175
0.6333333333333333 0.17083333333333334
0.625 0.16944444444444445
0.6116666666666667 0.16805555555555557
0.5883333333333334 0.15416666666666667
0.59 0.11805555555555555
0.6 0.09722222222222222
0.6066666666666667 0.08472222222222223
0.61 0.06388888888888888
0.61 0.058333333333333334
0.6066666666666667 0.03888888888888889
0.595 0.02638888888888889
0.5733333333333334 0.022222222222222223
