338
0.5183333333333333 0.016666666666666666
0.45 0.044444444444444446
0.5866666666666667 0.043055555555555555
0.445 0.075
0.5916666666666667 0.07083333333333333
0.45666666666666667 0.1125
0.58 0.1111111111111111
0.4666666666666667 0.13472222222222222
0.5633333333333334 0.13472222222222222
0.4483333333333333 0.16527777777777777
0.59 0.16805555555555557
0.33 0.19722222222222222
0.7033333333333334 0.19722222222222222
0.20333333333333334 0.3347222222222222
0.09166666666666666 0.4597222222222222
0.04 0.5097222222222222
0.07666666666666666 0.5319444444444444
0.105 0.5166666666666667
0.12333333333333334 0.4722222222222222
0.24666666666666667 0.3763888888888889
0.355 0.2791666666666667
0.38333333333333336 0.33055555555555555
0.37333333333333335 0.39305555555555555
0.36333333333333334 0.4375
0.3466666666666667 0.5402777777777777
0.36833333333333335 0.6847222222222222
0.36 0.8722222222222222
0.29833333333333334 0.9611111111111111
0.34833333333333333 0.9902777777777778
0.41 0.925
0.4083333333333333 0.8722222222222222
0.445 0.7055555555555556
0.5066666666666667 0.5347222222222222
0.5716666666666667 0.7069444444444445
0.605 0.8666666666666667
0.6016666666666667 0.9138888888888889
0.6416666666666667 0.9902777777777778
0.6916666666666667 0.9680555555555556
0.6516666666666666 0.8694444444444445
0.6533333333333333 0.6847222222222222
0.67 0.5319444444444444
0.66 0.42777777777777776
0.6533333333333333 0.39305555555555555
0.6583333333333333 0.3194444444444444
0.6683333333333333 0.28194444444444444
0.76 0.36666666666666664
0.91 0.4930555555555556
0.9433333333333334 0.5347222222222222
0.9766666666666667 0.5263888888888889
0.9833333333333333 0.5041666666666667
0.935 0.4722222222222222
0.8133333333333334 0.3347222222222222
0.5016666666666667 0.016666666666666666
0.48333333333333334 0.025
0.47 0.030555555555555555
0.4483333333333333 0.05416666666666667
0.4483333333333333 0.06388888888888888
0.44666666666666666 0.08055555555555556
0.45 0.09444444444444444
0.46 0.12222222222222222
0.46 0.15416666666666667
0.43 0.17083333333333334
0.415 0.1736111111111111
0.4033333333333333 0.175
0.3933333333333333 0.17916666666666667
0.38166666666666665 0.18055555555555555
0.37166666666666665 0.18333333333333332
0.3616666666666667 0.18472222222222223
0.35 0.1875
0.32 0.20416666666666666
0.305 0.20694444444444443
0.2966666666666667 0.22083333333333333
0.2866666666666667 0.23194444444444445
0.2783333333333333 0.24027777777777778
0.275 0.24583333333333332
0.2733333333333333 0.2569444444444444
0.26666666666666666 0.2625
0.25833333333333336 0.26944444444444443
0.255 0.2777777777777778
0.24666666666666667 0.2861111111111111
0.24166666666666667 0.29305555555555557
0.23333333333333334 0.3
0.23 0.30416666666666664
0.225 0.30972222222222223
0.22166666666666668 0.3138888888888889
0.21833333333333332 0.31666666666666665
0.20833333333333334 0.32222222222222224
0.19333333333333333 0.3402777777777778
0.18333333333333332 0.35
0.175 0.35555555555555557
0.16666666666666666 0.3638888888888889
0.15666666666666668 0.375
0.15 0.3819444444444444
0.14166666666666666 0.3902777777777778
0.13833333333333334 0.3958333333333333
0.13 0.4041666666666667
0.125 0.41388888888888886
0.11833333333333333 0.4236111111111111
0.11 0.4361111111111111
0.08666666666666667 0.46805555555555556
0.07666666666666666 0.48055555555555557
0.058333333333333334 0.4930555555555556
0.05333333333333334 0.5222222222222223
0.058333333333333334 0.5263888888888889
0.07166666666666667 0.5319444444444444
0.08833333333333333 0.5319444444444444
0.10166666666666667 0.5263888888888889
0.11333333333333333 0.5055555555555555
0.11666666666666667 0.49722222222222223
0.115 0.48194444444444445
0.13666666666666666 0.46111111111111114
0.14833333333333334 0.4527777777777778
0.15833333333333333 0.4444444444444444
0.16833333333333333 0.4375
0.18166666666666667 0.42916666666666664
0.19166666666666668 0.41944444444444445
0.20833333333333334 0.4097222222222222
0.21833333333333332 0.4013888888888889
0.23 0.39166666666666666
0.24 0.3819444444444444
0.26 0.3680555555555556
0.27166666666666667 0.35
0.2816666666666667 0.3402777777777778
0.2916666666666667 0.3333333333333333
0.305 0.32222222222222224
0.3233333333333333 0.30833333333333335
0.3616666666666667 0.29583333333333334
0.36666666666666664 0.30972222222222223
0.37333333333333335 0.3194444444444444
0.38 0.3416666666666667
0.38333333333333336 0.3541666666666667
0.385 0.36527777777777776
0.38 0.37222222222222223
0.37333333333333335 0.375
0.37 0.3819444444444444
0.37166666666666665 0.40694444444444444
0.37166666666666665 0.425
0.3566666666666667 0.45
0.35333333333333333 0.4652777777777778
0.3516666666666667 0.475
0.34833333333333333 0.4861111111111111
0.3466666666666667 0.49722222222222223
0.3433333333333333 0.5097222222222222
0.3433333333333333 0.5166666666666667
0.3433333333333333 0.525
0.3433333333333333 0.5277777777777778
0.3466666666666667 0.5347222222222222
0.3433333333333333 0.5541666666666667
0.3433333333333333 0.5722222222222222
0.34 0.5930555555555556
0.34833333333333333 0.6222222222222222
0.3516666666666667 0.6402777777777777
0.36333333333333334 0.6486111111111111
0.365 0.6583333333333333
0.36333333333333334 0.6736111111111112
0.36 0.7013888888888888
0.3516666666666667 0.7125
0.3416666666666667 0.7236111111111111
0.34 0.7375
0.34 0.7555555555555555
0.34 0.7722222222222223
0.345 0.7902777777777777
0.34833333333333333 0.8055555555555556
0.35 0.8236111111111111
0.35333333333333333 0.85
0.355 0.8944444444444445
0.3466666666666667 0.9097222222222222
0.3383333333333333 0.9208333333333333
0.3283333333333333 0.9319444444444445
0.31 0.9444444444444444
0.305 0.9777777777777777
0.325 0.9875
0.36666666666666664 0.9777777777777777
0.38 0.9611111111111111
0.395 0.9430555555555555
0.405 0.9013888888888889
0.4116666666666667 0.8569444444444444
0.41333333333333333 0.8388888888888889
0.4166666666666667 0.8236111111111111
0.4266666666666667 0.8055555555555556
0.43333333333333335 0.7902777777777777
0.43833333333333335 0.7722222222222223
0.43833333333333335 0.7597222222222222
0.44 0.7430555555555556
0.44 0.7319444444444444
0.44333333333333336 0.7180555555555556
0.455 0.6916666666666667
0.46166666666666667 0.6777777777777778
0.47 0.6625
0.47 0.6430555555555556
0.475 0.625
0.48 0.6111111111111112
0.485 0.5986111111111111
0.49333333333333335 0.5791666666666667
0.5 0.5680555555555555
0.5016666666666667 0.55
0.5166666666666667 0.5541666666666667
0.52 0.5694444444444444
0.5216666666666666 0.5833333333333334
0.5333333333333333 0.5986111111111111
0.535 0.6138888888888889
0.5433333333333333 0.6333333333333333
0.5466666666666666 0.6472222222222223
0.5533333333333333 0.6625
0.5566666666666666 0.6763888888888889
0.5633333333333334 0.6930555555555555
0.5733333333333334 0.7291666666666666
0.5733333333333334 0.7486111111111111
0.5733333333333334 0.7666666666666667
0.58 0.7847222222222222
0.5866666666666667 0.8013888888888889
0.5916666666666667 0.8152777777777778
0.5966666666666667 0.8291666666666667
0.5966666666666667 0.8375
0.5983333333333334 0.8472222222222222
0.6 0.8555555555555555
0.6033333333333334 0.8916666666666667
0.6066666666666667 0.9347222222222222
0.6133333333333333 0.9583333333333334
0.6266666666666667 0.9805555555555555
0.6733333333333333 0.9902777777777778
0.69 0.9777777777777777
0.6883333333333334 0.95
0.6733333333333333 0.9402777777777778
0.6616666666666666 0.9277777777777778
0.655 0.9097222222222222
0.6516666666666666 0.8847222222222222
0.6566666666666666 0.85
0.6616666666666666 0.8291666666666667
0.67 0.8152777777777778
0.6733333333333333 0.7972222222222223
0.6716666666666666 0.7861111111111111
0.6716666666666666 0.7722222222222223
0.6716666666666666 0.7569444444444444
0.6683333333333333 0.7402777777777778
0.6616666666666666 0.7263888888888889
0.655 0.7083333333333334
0.65 0.6569444444444444
0.66 0.6402777777777777
0.6666666666666666 0.6194444444444445
0.6683333333333333 0.6
0.6683333333333333 0.5888888888888889
0.6683333333333333 0.5736111111111111
0.6716666666666666 0.5583333333333333
0.675 0.5416666666666666
0.675 0.5152777777777777
0.6733333333333333 0.5041666666666667
0.6733333333333333 0.49166666666666664
0.67 0.48055555555555557
0.6666666666666666 0.46944444444444444
0.6633333333333333 0.46111111111111114
0.6616666666666666 0.4513888888888889
0.6583333333333333 0.44583333333333336
0.6566666666666666 0.4388888888888889
0.6566666666666666 0.43194444444444446
0.655 0.4125
0.6516666666666666 0.4027777777777778
0.6533333333333333 0.37916666666666665
0.65 0.36527777777777776
0.655 0.3541666666666667
0.6583333333333333 0.3416666666666667
0.6583333333333333 0.3333333333333333
0.6583333333333333 0.3277777777777778
0.6566666666666666 0.30694444444444446
0.6566666666666666 0.29444444444444445
0.6616666666666666 0.2875
0.6883333333333334 0.29583333333333334
0.6966666666666667 0.3055555555555556
0.705 0.31805555555555554
0.7166666666666667 0.3277777777777778
0.7283333333333334 0.3388888888888889
0.7433333333333333 0.3527777777777778
0.77 0.38055555555555554
0.7816666666666666 0.39444444444444443
0.7916666666666666 0.4027777777777778
0.8033333333333333 0.4125
0.8166666666666667 0.4222222222222222
0.8333333333333334 0.43472222222222223
0.85 0.44722222222222224
0.8633333333333333 0.4583333333333333
0.8816666666666667 0.46944444444444444
0.8966666666666666 0.48194444444444445
0.915 0.5041666666666667
0.925 0.5208333333333334
0.9333333333333333 0.5291666666666667
0.9533333333333334 0.5361111111111111
0.9683333333333334 0.5361111111111111
0.9783333333333334 0.5236111111111111
0.9783333333333334 0.5194444444444445
0.9816666666666667 0.5097222222222222
0.97 0.5013888888888889
0.9583333333333334 0.49583333333333335
0.9416666666666667 0.4861111111111111
0.9216666666666666 0.4638888888888889
0.9083333333333333 0.45
0.9016666666666666 0.4388888888888889
0.8966666666666666 0.42777777777777776
0.8916666666666667 0.42083333333333334
0.8866666666666667 0.4111111111111111
0.8783333333333333 0.4
0.8683333333333333 0.3902777777777778
0.8616666666666667 0.37916666666666665
0.8516666666666667 0.3680555555555556
0.845 0.3611111111111111
0.8316666666666667 0.3486111111111111
0.8033333333333333 0.325
0.795 0.3138888888888889
0.7883333333333333 0.30416666666666664
0.78 0.29583333333333334
0.7716666666666666 0.2861111111111111
0.7633333333333333 0.2763888888888889
0.7583333333333333 0.2652777777777778
0.7516666666666667 0.25277777777777777
0.7483333333333333 0.24305555555555555
0.745 0.23472222222222222
0.7416666666666667 0.2263888888888889
0.735 0.21805555555555556
0.7316666666666667 0.21388888888888888
0.7266666666666667 0.20833333333333334
0.7216666666666667 0.20555555555555555
0.7116666666666667 0.20277777777777778
0.6883333333333334 0.19305555555555556
0.6733333333333333 0.18888888888888888
0.6583333333333333 0.18611111111111112
0.645 0.18472222222222223
0.6316666666666667 0.18194444444444444
0.6216666666666667 0.17777777777777778
0.6133333333333333 0.175
0.6033333333333334 0.17083333333333334
0.5733333333333334 0.15416666666666667
0.5716666666666667 0.11944444444444445
0.5816666666666667 0.1
0.5866666666666667 0.08472222222222223
0.59 0.06388888888888888
0.59 0.05277777777777778
0.5816666666666667 0.03333333333333333
0.5566666666666666 0.02361111111111111
0.54 0.020833333333333332
