335
0.4633333333333333 0.011111111111111112
0.40166666666666667 0.030555555555555555
0.5333333333333333 0.030555555555555555
0.3983333333333333 0.06805555555555555
0.5366666666666666 0.06666666666666667
0.41 0.10138888888888889
0.5216666666666666 0.10416666666666667
0.43 0.12916666666666668
0.515 0.12916666666666668
0.425 0.14444444444444443
0.5183333333333333 0.14722222222222223
0.3283333333333333 0.16111111111111112
0.6183333333333333 0.1638888888888889
0.19666666666666666 0.3138888888888889
0.08 0.4361111111111111
0.03333333333333333 0.47638888888888886
0.04666666666666667 0.5083333333333333
0.08833333333333333 0.49027777777777776
0.11166666666666666 0.4513888888888889
0.26166666666666666 0.32916666666666666
0.3333333333333333 0.26666666666666666
0.3416666666666667 0.30277777777777776
0.33 0.3625
0.3283333333333333 0.4041666666666667
0.29833333333333334 0.5361111111111111
0.31 0.6916666666666667
0.31666666666666665 0.8875
0.255 0.9652777777777778
0.305 0.9902777777777778
0.36333333333333334 0.9277777777777778
0.36 0.8847222222222222
0.3883333333333333 0.7097222222222223
0.45166666666666666 0.5402777777777777
0.5183333333333333 0.7083333333333334
0.5516666666666666 0.8861111111111111
0.5533333333333333 0.9166666666666666
0.63 0.9777777777777777
0.6683333333333333 0.9527777777777777
0.6066666666666667 0.8847222222222222
0.5966666666666667 0.6916666666666667
0.6133333333333333 0.5333333333333333
0.585 0.40694444444444444
0.585 0.37083333333333335
0.5916666666666667 0.30277777777777776
0.6066666666666667 0.25277777777777777
0.6783333333333333 0.34305555555555556
0.8183333333333334 0.45
0.8466666666666667 0.5152777777777777
0.895 0.5069444444444444
0.8933333333333333 0.48194444444444445
0.8383333333333334 0.42777777777777776
0.7333333333333333 0.31805555555555554
0.44666666666666666 0.013888888888888888
0.42833333333333334 0.015277777777777777
0.415 0.022222222222222223
0.4 0.043055555555555555
0.40166666666666667 0.05555555555555555
0.4 0.08055555555555556
0.405 0.09027777777777778
0.41833333333333333 0.11527777777777778
0.43166666666666664 0.13472222222222222
0.4066666666666667 0.14583333333333334
0.395 0.14722222222222223
0.38 0.1486111111111111
0.37 0.1486111111111111
0.3616666666666667 0.15138888888888888
0.3516666666666667 0.15138888888888888
0.345 0.1527777777777778
0.34 0.15694444444444444
0.31166666666666665 0.16805555555555557
0.3016666666666667 0.1763888888888889
0.29333333333333333 0.18611111111111112
0.2866666666666667 0.19722222222222222
0.2816666666666667 0.20555555555555555
0.27666666666666667 0.2125
0.275 0.21944444444444444
0.27166666666666667 0.22916666666666666
0.27166666666666667 0.24027777777777778
0.2633333333333333 0.24722222222222223
0.255 0.25416666666666665
0.25 0.2611111111111111
0.24166666666666667 0.26944444444444443
0.235 0.2777777777777778
0.22833333333333333 0.2833333333333333
0.22166666666666668 0.2916666666666667
0.17833333333333334 0.32916666666666666
0.165 0.3416666666666667
0.15333333333333332 0.35138888888888886
0.14333333333333334 0.3611111111111111
0.13333333333333333 0.37083333333333335
0.12833333333333333 0.3819444444444444
0.11666666666666667 0.39305555555555555
0.10833333333333334 0.4
0.10333333333333333 0.40555555555555556
0.1 0.4111111111111111
0.095 0.4166666666666667
0.09 0.425
0.07 0.45
0.05333333333333334 0.45694444444444443
0.041666666666666664 0.4652777777777778
0.03333333333333333 0.49027777777777776
0.03333333333333333 0.49722222222222223
0.03833333333333333 0.5041666666666667
0.06333333333333334 0.5125
0.07833333333333334 0.5069444444444444
0.095 0.4791666666666667
0.1 0.46944444444444444
0.10166666666666667 0.46111111111111114
0.12 0.44027777777777777
0.13333333333333333 0.42916666666666664
0.14666666666666667 0.42083333333333334
0.16 0.4111111111111111
0.17166666666666666 0.40555555555555556
0.185 0.39861111111111114
0.19833333333333333 0.3902777777777778
0.20833333333333334 0.38472222222222224
0.21833333333333332 0.37916666666666665
0.23333333333333334 0.3638888888888889
0.2783333333333333 0.31805555555555554
0.29 0.30694444444444446
0.29833333333333334 0.2986111111111111
0.30666666666666664 0.28888888888888886
0.31166666666666665 0.28194444444444444
0.32166666666666666 0.27361111111111114
0.3383333333333333 0.28055555555555556
0.34 0.2875
0.3416666666666667 0.29444444444444445
0.3416666666666667 0.31666666666666665
0.3416666666666667 0.3236111111111111
0.3416666666666667 0.33194444444444443
0.3416666666666667 0.3402777777777778
0.33666666666666667 0.3458333333333333
0.335 0.3541666666666667
0.33166666666666667 0.38055555555555554
0.3333333333333333 0.3958333333333333
0.32166666666666666 0.4222222222222222
0.315 0.4375
0.31 0.4527777777777778
0.30833333333333335 0.46805555555555556
0.30666666666666664 0.48333333333333334
0.305 0.49583333333333335
0.3016666666666667 0.5027777777777778
0.3016666666666667 0.5097222222222222
0.3016666666666667 0.5152777777777777
0.3016666666666667 0.5222222222222223
0.29833333333333334 0.5513888888888889
0.30333333333333334 0.5680555555555555
0.305 0.5888888888888889
0.30666666666666664 0.6013888888888889
0.31833333333333336 0.6277777777777778
0.31333333333333335 0.6416666666666667
0.31166666666666665 0.6597222222222222
0.31166666666666665 0.6805555555555556
0.305 0.7097222222222223
0.3 0.725
0.2966666666666667 0.7402777777777778
0.2966666666666667 0.7569444444444444
0.295 0.7722222222222223
0.29833333333333334 0.7902777777777777
0.3016666666666667 0.8083333333333333
0.30666666666666664 0.825
0.31166666666666665 0.8388888888888889
0.31666666666666665 0.8638888888888889
0.30833333333333335 0.9097222222222222
0.2966666666666667 0.9208333333333333
0.28833333333333333 0.9319444444444445
0.2783333333333333 0.9402777777777778
0.265 0.9513888888888888
0.265 0.9805555555555555
0.2783333333333333 0.9875
0.3233333333333333 0.9805555555555555
0.33 0.9680555555555556
0.34 0.9513888888888888
0.3616666666666667 0.9055555555555556
0.36333333333333334 0.8680555555555556
0.37 0.8527777777777777
0.37333333333333335 0.8388888888888889
0.375 0.8236111111111111
0.37666666666666665 0.8097222222222222
0.38 0.7930555555555555
0.38166666666666665 0.7791666666666667
0.38666666666666666 0.7625
0.385 0.7458333333333333
0.3883333333333333 0.7319444444444444
0.40166666666666667 0.6958333333333333
0.4066666666666667 0.6819444444444445
0.41 0.6652777777777777
0.41333333333333333 0.6513888888888889
0.41833333333333333 0.6333333333333333
0.42 0.6180555555555556
0.4216666666666667 0.6027777777777777
0.42833333333333334 0.5888888888888889
0.435 0.5736111111111111
0.44 0.5583333333333333
0.4716666666666667 0.5541666666666667
0.47333333333333333 0.5763888888888888
0.48 0.5986111111111111
0.485 0.6180555555555556
0.49 0.6347222222222222
0.49333333333333335 0.6527777777777778
0.49666666666666665 0.6722222222222223
0.505 0.6875
0.5083333333333333 0.6930555555555555
0.515 0.7013888888888888
0.5166666666666667 0.7236111111111111
0.515 0.7416666666666667
0.515 0.7583333333333333
0.525 0.7722222222222223
0.535 0.7861111111111111
0.5383333333333333 0.8041666666666667
0.5416666666666666 0.8222222222222222
0.545 0.8402777777777778
0.5466666666666666 0.8569444444444444
0.5483333333333333 0.8722222222222222
0.5516666666666666 0.9027777777777778
0.5666666666666667 0.9263888888888889
0.5866666666666667 0.9402777777777778
0.6016666666666667 0.9652777777777778
0.655 0.9791666666666666
0.665 0.9666666666666667
0.6616666666666666 0.9388888888888889
0.65 0.9305555555555556
0.64 0.925
0.6283333333333333 0.9166666666666666
0.6166666666666667 0.9027777777777778
0.605 0.8666666666666667
0.6083333333333333 0.8472222222222222
0.6033333333333334 0.8319444444444445
0.6083333333333333 0.8152777777777778
0.6116666666666667 0.8013888888888889
0.6133333333333333 0.7875
0.6116666666666667 0.7708333333333334
0.6116666666666667 0.75
0.6066666666666667 0.7347222222222223
0.6033333333333334 0.7180555555555556
0.5933333333333334 0.6736111111111112
0.595 0.6527777777777778
0.5966666666666667 0.6375
0.5966666666666667 0.6333333333333333
0.5966666666666667 0.6194444444444445
0.605 0.5819444444444445
0.605 0.5611111111111111
0.61 0.5180555555555556
0.61 0.5055555555555555
0.6083333333333333 0.49722222222222223
0.6083333333333333 0.4861111111111111
0.605 0.4722222222222222
0.6016666666666667 0.4625
0.6 0.4527777777777778
0.5966666666666667 0.44166666666666665
0.595 0.43333333333333335
0.59 0.4222222222222222
0.5883333333333334 0.3958333333333333
0.5883333333333334 0.3861111111111111
0.5883333333333334 0.35833333333333334
0.59 0.3472222222222222
0.5916666666666667 0.3333333333333333
0.5966666666666667 0.3263888888888889
0.595 0.3194444444444444
0.595 0.3111111111111111
0.5966666666666667 0.2875
0.5983333333333334 0.2777777777777778
0.6 0.2652777777777778
0.6133333333333333 0.2763888888888889
0.6216666666666667 0.2875
0.63 0.2972222222222222
0.6383333333333333 0.3055555555555556
0.6483333333333333 0.31666666666666665
0.6616666666666666 0.3333333333333333
0.6883333333333334 0.35555555555555557
0.7033333333333334 0.36666666666666664
0.7183333333333334 0.37916666666666665
0.735 0.3888888888888889
0.7466666666666667 0.4
0.76 0.4083333333333333
0.7733333333333333 0.4152777777777778
0.785 0.4222222222222222
0.795 0.42777777777777776
0.8066666666666666 0.4388888888888889
0.8283333333333334 0.4597222222222222
0.835 0.48194444444444445
0.8383333333333334 0.49722222222222223
0.8633333333333333 0.5152777777777777
0.88 0.5152777777777777
0.8966666666666666 0.5
0.8966666666666666 0.49444444444444446
0.8966666666666666 0.49027777777777776
0.8833333333333333 0.4708333333333333
0.8666666666666667 0.45555555555555555
0.85 0.44027777777777777
0.8266666666666667 0.4152777777777778
0.82 0.4083333333333333
0.8116666666666666 0.39861111111111114
0.8016666666666666 0.3875
0.7933333333333333 0.37777777777777777
0.7883333333333333 0.37083333333333335
0.7816666666666666 0.35694444444444445
0.7766666666666666 0.35
0.77 0.34305555555555556
0.7633333333333333 0.33611111111111114
0.7566666666666667 0.33055555555555555
0.745 0.3263888888888889
0.7233333333333334 0.30972222222222223
0.715 0.3013888888888889
0.71 0.29305555555555557
0.7016666666666667 0.28194444444444444
0.695 0.275
0.6883333333333334 0.2638888888888889
0.6833333333333333 0.2569444444444444
0.675 0.24583333333333332
0.6716666666666666 0.23472222222222222
0.665 0.2263888888888889
0.6583333333333333 0.2152777777777778
0.6533333333333333 0.20277777777777778
0.65 0.19722222222222222
0.6433333333333333 0.18888888888888888
0.6366666666666667 0.18194444444444444
0.63 0.17222222222222222
0.605 0.1625
0.59 0.1597222222222222
0.5833333333333334 0.15694444444444444
0.5766666666666667 0.15416666666666667
0.57 0.1527777777777778
0.5616666666666666 0.15
0.5516666666666666 0.1486111111111111
0.5366666666666666 0.1486111111111111
0.5166666666666667 0.1375
0.5183333333333333 0.11388888888888889
0.5266666666666666 0.09166666666666666
0.5366666666666666 0.07916666666666666
0.5383333333333333 0.05277777777777778
0.5383333333333333 0.041666666666666664
0.5283333333333333 0.020833333333333332
0.5166666666666667 0.016666666666666666
0.495 0.013888888888888888
